10011011100101011110011100111101100110011100000011001000110011010010101011111101110100000111100100110101100110111110100110110101
11010110110110000110100110011010100110000110110001110010001100100010011111001000111100011111110000110100100101000001100010011111
00000000101110101111110111110011111111001100110100010000110000011110011001110011100110000100000100101010110001000100010001101100
00011011011010101010101011100101101001011011101011100100110100101100110011101001000010110011101000110011110101101100011000001000
01011001100110101110010101111111000000101001101001001110111100110101110110010111001000001000110100010101100100011011100010110101
01000110101001011100011111100100110000010001101100000011011010001100101001111111001001000011011101011111001011010101101100011001
11101011010100110000011001000101011100000110011111110001110101111100010110010010010000101001000100000110000010110001001110101000
10000100110011010100111111110011110101110100011111110111100010010010010001000001000001101011001101101000101000011110000100100100
11000111101100000011111011001101000100000110110100101000001101110101011000001011001010000101001100001100111000100101111110010010
00010111010111101001101010100000001101100101111000011110101110010011110100111100011001000000000111011011111111100001000011110000
00101011101100100011011011101010110101110101001011101111101011110001010001010110100100101111110110111001100010011000111100101101
10100100001111100011011000100000001111010100000110010101000000110110101000111001001011001100100111000011100001010110001000001110
10011001010010011110110011110001101000000001000011111010111011010101000100100011011111100000010010010111011100011100001110101001
11100000011100100000101000101011001110011110001011110101111101110101110110111110010011100100100011100111100000000101001101100011
11001100111011010111000101000011100011001011001001110011111011001001000001101101001110001100011101110001001010010001110011110111
01111010001010000010110011000011011111101111101010011111100101010110011101000111100001000010010010000011001100000011011011000010
01010010100110100111110101001111011110100111110111000110000111100010010100011110110010101100100110010000001001110111110001101011
01111100111000011101100111000100010010111101111010011101110001000100000111000100000010000101001011010101010110110000001000000111
11001011010010110001010000001110011111000110000111111101000111111111010100100001001111101111000111010000101000011111111110000011
01010110100110100001111011000010011000000000111010111100101111000010010101101101010111001111110010101111011011100101111100110111
11010101101110110100001100000100111111100111110101110000000001010101101011100010010101011010110011101001101101001000011000101101
10110010100000110101010100111010100000000101011010100001000111000011100101111001010010100101100010110101001101011111001010000010
00111100011101110010001000110011010010001000011101111001110100100000100001001001100011000111001101110111110000011001110111111001
00111111011111110001001101010110010111011100000001100110100110111001110000001000101101101110011111000010101011011001000010011010
11011110100101010101010000010011110000011011000111101111101111110111001000101011001111010011101011010010110001101111110100100001
10000010001111110000010111010010001001101010100100101001111110011110011110101010001110111100000000111000011001000010111010111110
11101010000110010000101000010011000111000010101101011111110001110110010011111011011111000010000000100011111101111001000011000000
01010101110101010111000001101001011000001110110001010001001001001000101100100110111111000000010100101110111110101100101101100111
11011001010101111000111100001110110011001110000111011101110010011111100000111100010011000010001111111000111010111111110101011001
10010001101000111101110000001110100001011000111111010100001101100000110101001000000000011101010011111111011010001010111111110110
00000011100001010100010101101100001001011010111011111001001110000011110011001101001000011111101010100010101101011101001100110111
01001000001011000101100011000101100011000101010001101101010001110110001101011000110011110001101111000010110110100110110101001111
10011100011001000000101011000110110001010010001100011100010000100101101010001001001000011110101001011101101100111000000010101111
10001111111100101100001101011000110111100111000001001000000110101100010101010110111100110100001110101110011001110100101101101100
11101011110001111011000001110011010110111110011110100101000011101001101101001001011100000011111000011010100011000110011100000111
11111011110010101110001111111111010100011110000011000110110010110011111011110101000110101111000111011010001100111010000110110111
10010100100010000111101101011011000010001101110001000010001011101001101100111010111101001000000010000101000010111100111101100111
00100110110011111110111010011111000010101100010100010110010001111111111001111001001101101011110101010001000000010001000111000110
01010110011001110110101000111100111100101101000101001000100011001010100001000000001001111001100010001000100100001011010000111111
11000001111011000111101011100110100011101010011111110011000101001100110110000111000100011101000001111100111110110001010010101101
10010000010010010000100010111111100000110101001010010000011011100010000001001011001001111101010111100010001100111010101101101010
01000101011101111111110000100101101010101111010100110111100111111101000111110001100010010100000000000111001110100101101111111000
00111001100110000011110101010111111011010110011111100001010010010001010010110110101100001010111100101010111010101001001000010101
01100111011111101100010110010111110011110100110011110110110010001000011110100000101101001110000110000011010010010101001101101001
11010101001011001001000010101011000110011110010110001010000111101100101111111001000110001001001001000000101100010011010111100111
00111111001000011010101010000010001111011011010001111011000100010011110110100010100111100000001110111100111110001111001011110000
11100100011100100011110111001000010101100100100101010111100001000010101111000000100100110101010110011001101110100110101000001001
00000111011010001001011000101101101110111011100001111111000111100011000100011110111110101110000001011110101011010101111110011110
01101111111100011110010000101101101111011110111101000110010111001101100000010000111101010000101011110110100111001101100011010001
00010010001010001000011100101011100011010010001111010110000011000110001010011101010101000101000001000111000000111011101010010111
00110011100101011000101110110101101000100001100100101111001011001100011101111100110000011101001001110111100111010111100101010001
01101101110011000000010110010001110111111011010110100010110001001011101101011100010001001001000101100110000101111100110001100101
00110111110010100010111100011100000011111110010111111001001101100100100111011011010111101111100100110011110100111000111001111010
10000001100010110010100110000101101111110101111110110001111101101100000110010001100110001011011101001010100001100010101101010100
10010000001010110010000001011010111010001111100010100110010010001100010011111011101110010111011101111000110101001101011000010010
00011101000110101101110111001100000010000111110101000111111010100110011010100000110110101100001000111001010100110111100011011000
11010000111000110000100011000011111100100110111110010101111001101011001001010100101110110001000001110000101010100101001001111111
11010001000001000001111011111000110010111101010011000000101101100011010011001011010101000100110011000101110101110100101110110101
11101111010010000111111110001000010111110101101100111100111010110011000011001100011110000110010011010110010100011111011010011101
00100000010110011001010111100110011111101101011001010010001100010101001010001001100110110100110101010011000101111100000101110001
11000010111100001010001001001011110011011011101111000110110101100001110010111101000010000100010101011011110001011011100010001111
11111100101111010001101111000011111110011100100111100101110000000110110100100011011111011010011000110011111001010001101110001100
01110011101001001011001111110101010100001001011100011001011101100100001100100101011100110110111010110101000011000001010100110110
11101110001111001011101111010100010011110101010111000101010100000000000000110001110000010100011110100001111110111011001010001010
11011111010001101011001101011000011010110111011110111100010101011110001001100111011010010011010101101010000010011010000100100101
10011100110000000101100001000101011011100110010100010000101100101000011100010010001011101111100011101111011111100010000111010001
10100100000001111101010100110010010001100111100101111000110000001000001001001001111111111011100110111100111111110110010110110110
10110001000000001100001110100101010101111111110110000001000001110001111010011101001111011111001111000101111110110101100110010110
11001110111011010001110000011000100110010111110111011011011000101100011101100010001101110100111001110000111001011101010011110111
01101100100111100100000000010111111010110100010010000000011011111100100011100100100101011000110010001011110010101010000010001101
00010011000101001000100000110010110010101010001110100110101101110111011010111000010010111101110110010001100110111010100111101101
01001010001100110000010111110011111001100011100111110110100000011001110010000101010101000001101111010110000100001111101110000011
01011110000110110111100001100101100011111001101100110001000101100110110000001011111000000101101001011010110111110011101111001111
00110100111010001111110000110000110101101010111010010000100101001111111011101011100010011010010101100011000010010011000101011000
00101101000010110000001111100111010000001000001001001100111101111101010011011110001011101011101011111111001001001101101100111100
10111000000111101011011001110000001100101111000111101001000100011111110100101111100100000011100010110111010110010111110110001100
10100100011101101001010000101111100000010011110111000001111101001001111100100111111001100011000000110101101101110111000110010100
00110101101111010001110101010111101010111011011111101000100001110110011011010011000000000001100011011010101001001011011111101001
01110111110100001111100100001000011111101110101110101010011000110011011001010000101101010101010011010110000001000001101011111101
11110001010100011000110101000001011101000000011010100001010111000011110000010100010110111111100101000100000011010101101011010111
01011101000001100111000010010010001111000001010111010101111110001000101001101111011101100001101001010101000011101111011010110001
01011000110000001010111001110011010110011100100100011110001001010111000000110001001000000101100001101000001111100001000101010111
01001000001110110110001001101011001110101111111001110111011110101000011111111101100001000111011000110011110011100010110111101000
00100011110000110001000110111000100010001100001100000011100010101010001001110100101111110000110111010010101101111001110100111101
10000110011110101010011110100000110100011011110001001010100001010001011100111000000110111100010101110100010011100011011111000001
00000101100110000111110011100110110011001110011010110001010011110110100011110001011101111111010111000011110001001000100100011001
11010011101110101011011001010100000100111010000011000010001101111101011111110010001111110011101111001011101110100011001110011110
11010110101011110100010011011100100110000110110010110010011001100110010111101001100100000110011111101110111001100011000001001110
00011111011000010100101101000010101000010110011010111011000000111011100010101101101001110011000011001100100110010110111010111110
00100000101010111111011100001101001101001101111111000001011110000111110000000100110111000000010110011110110001011001011101000101
00111100111010001111111101011000110101010001100101001110101101000011010010011111110100100010100100001001011101100110001111110100
11100111000001101001010011111110100010010010101011011101101100110001111101001001111101001110100101111011100100001000100101110000
11011000001010111011101011000000101101010001001110110001111011000000101101000110111010010010010010000001000101101010100100010010
00010001101010000101000001100011110100010010000100000010000000101110100111110111111100110001100010010001010011110011010010000100
11010101100101000001011100000111000000001100110001010101010010001101000010101010101001101100101001100101000001010011000100001111
01101111000011110100111100111100111100110110110000010110000011111101100001000110110010110010111010110110101001001011010100100110
10101111001010110100011001001000110011000000011000111001101011110110011111110101001111010001100101001110010100111111000100101110
10010010101010001111110110010011011111100110000110011111101100101100110101011100000010110101010110011000110111110000010100101001
01010011011101001000110010111101110011111100111100011000110011001010001101101100011100010001111110010011010111010100010000000011
00110110101111011001011101010100110001100110100001000011111100110100001010011001101100110101101000000001111111101111010110110111
