00100100111111000010110010101111010010001111111111001101000110000101111110110010101100110011010011000111011110101001110011000101
00100100010110011100100001001000000000101010011111100010000111110101011001010000010110011011110101011110001011011100111100110001
01010000111101001101110000000010000010110100011010001101001110101001011101000000100110110010011001101001100111100010011101000011
11001110011110111010110010111011101011010011110100101111010000110010101001110010010000110000011110000101101010110101110011110000
10000010001000000011101011000111001000100110110001100101110100010111110111111100101101010100111111000000010010000111100011101100
01001110011100010110010111001011100111001100100101110010111101111001001000100111011101000110010100111000110000110001110111110001
00111100101110111101000100100010010110110001000000000110001000000000011110111011011111001110010001001001101100011110100101101100
01000111101010010100100110101000010100001010110000111111100001111000111001111101010110100110000001111110101010111000101011001101
11011001001001001010101100011111001011101101001011000101111100001101001001100101101010000110000111100001110110010101011000001011
10100011100011000101001001000010111101111001001111101101110110001010100011011100001111100000001111110010101110000100111000011101
01101010111000101101100100000100101011010010110011110100010110011101110001010011100101111001111011100001010001010001101110100100
00110100011101000011110101100111000000100100100000110110010110010111000001110001100001101011001011011000100000100100010000010010
00001100101001010101100000111101111101100101010011111100000011000001111011100001000101011110100111011011111100001101111001000011
01110001101000101001101110111101010010110000110111101111011111001010111000101110110010110111010100110011110000011011111111110000
11101000011010110000011100001100110110111110000001000011101111010010010111110011011111100100110011110111100000000011010111001000
11111001110001010011001100101111111101001110100111010001110001010010010100000111011010111010111110111000101101001001101010110010
00001010101001101000010101011110110100111000000111010101010110001110100101000011110010110110111011000110111111110010100100010110
00001010010010111001000111111011101100101110010110110011101000110101010110001101111000100100100011110100110001001100010111100100
00101110111001100111010100011110110111111010011111111010111000010101110000110000101111010010011010111100010110111001101110110001
00101111010100011011001001001101100110000001110111001110010100000111110011010001101110000000110101010100010010001110001010011011
10101101101001001111001101111011000001001111101101000111110001100010111000001011100100001011000000111001111010010100111100010110
01100001110110110010110001000010000000111000111110100011011111000101010011110111111010001010110111001010101100110110010110111010
11110100100001001100000000000011010101100011100010011000011011110110101101101001010101110000001001000011101111100110100100111100
00100011110011001010011001011001010110011000001011101110110010011001111001111111110100110110101011000111101101100011100000111101
01101100001101110111100111011001110011010001111100000100000010000111011010110110110100010110001111110101010000101100011111111111
00101110101001010000010101110111110100110000101100011100110001111001010001101101100100011000000110010100111011000011101100010101
00111000110000011011001111100010011101100011100110001001001101000111011011100011110111101011010110100010101001110111100100001110
10011001110110000000110110000101011100110101110111111110111010010111110000101110111011010111010111000101110100000101011110111100
00000110100100011110110101001111010001001100110010001111101001000001101011110100011000101110110101110100110111101111110110011111
01011010010000000001010110101001111001110000111110000010110011110100100110011011100101101000001011011001000111011010101100101101
11001010001000010110011101010100011101011100110110011001100011010101100110101010100100011101010110110011111111011011110110101010
10001010000011111100001110101001010000010110111000111111010111000100100000111101001011011110001010000101000110110101010110001101
10000010111100010001000110110010001000000100001000011111001111100111011101101111111110100110101100110100100011000010111101100011
01011101101110111111000100100101100111110101001010010001100110100111011011111000111101110010010110001101101010000110011101110000
11101101111110010111110110111100011111100110000110110110000101101111011010110110101010101011010100110110011010100001010000111111
11110110101111110010010000001100011000111110011100001110111111000110100101000010111000100111011101000000010101000111010010101011
11111001110000111101010000111011101110110011100111010011000011001011100010001001011000101011010001001101110011000101001001111101
10111011110111010000001100110010110110010010101010101000110001101010000010001010000001111100111000110010111000110000011110111101
11010100011100001001011111011001110001011110101000001000000011110111010010000011011110001011011101010000001100101000010001001111
11111100011100011101100010000101101111001001011100010100100111100111010000101110101010110101111111110100101111110010110001110011
11000000101000100110011001001001110101011010001001011111111111111101001101110101001100101111000110001111010010000101100010101001
01110100010110100111101000011111100000010011111110100110101001000000001000000110000010100000111000011101001110110011100101111000
10110001000101100101001100101110111010011010110011110100011100110000100111110101110000100100001110011111000000010001100100110111
10001000010100011110110101011111001001001111110011010010110111110110100111011001100011001111111111011110110101011111111101000001
10000010011111000011101100111000011001001110001001110000110001011101111101001111001011111010011111100100101000010111100100100001
00100111001100110000110110000110101010111100110001110001001010110011100000001011110001110100011011000101110011011111101100111111
01000100000011101000100011000011111010100101010010110010101011110110011011111110000011100001001110000110000000111011111010110011
10110111000000101100011100000001111100110010110111100111000000111010010111110100000101110111100001001001010101000001011011000011
10000010101101100111001111110101011110011001100100111001111100111000010100001111000001001110100111100000010000101010110001111100
10000000001111111010110000101111101110000011011110100000101110100101000111010011101011111110000001010101010111110101011110000111
11101010001111010001011101010001000100100010000110001111011000101010001011110001001101101110111111110110110010101010011110101101
01010111110011011110010001110110101010010111101000111001111100000010111111010011111010110001010011101110011110100010011011101001
01101000100100100100011001010101000110101101100100000111001110011010011110110110001011010010001101110111101100010000011001011100
11011110100111100111011110001011111010100001100100001000101111110011101000101010001111010001010110010011010111011101110000111000
10101100111110111100110011110011110000111110111000000000100100010101010001010011111000101100101111100110011100100100100100110100
00100100110110111111111001100011010110111011111000111011000111001101101111110101101100010100001011110001111101110001001010111110
01011011011100010011010001001100110001000100100111001000010000110010101100101011100001111011011011110001000011111110110101011101
00101011011000111111101100100111011011110000101100001101111011010100011101110111111111011100110000101011011100110101101000101010
01010100101011100111100001000000001000111010110100100110101011001010111100110110011001111101011000111011010001111111010010111111
00100110100110111101101000100001111001101001011010100110110111100110000110001000010111100101010010101010001111010010001000111101
11010101001001011010100010111010011010111111111001101010000101001110000100111111011001011010110010001100011001110100000001101101
00010100110010110110010101101001000100010110011011000010110101010101010010110000011010101100101100001101101010011100010011100100
10100001001000010000101010111101010111010010101000111111011010000011001001001110000001100100110111011000111011011011001011001011
11011010010111101010010000101111110001000110100110100111001111110111010101111001011000110011111101100010010010001000000110000000
10000000110001100100001111010001001001101111001011111000101110011000111001100110111011000001101011100000110111011010111101010110
01010000110010100000100110011110000000000010010011111010001101111111110000100001010000001010010000111010111001011110010100101011
00101100101011000100100111001101111100010010000110101011101101011111111100101000101000100001010100100000100001000010010110000000
11100010111111001111011110010000001110110100101101100010110010101010101111100001011011111010010100000011100010110000110011101100
11001111100010010010001101000101000101111010110110101000010110000001110011010111000011100011010111111100111100100101100111000100
00011111101000100011100101010010001011001101111011010110000100000100011101111110110000100110000100000000010011010011111000010001
01100110010101101100110011000100000010100101110000011011011100101101010010010111001000010001010100000100100111100101111100010001
01100011100100010001010000110110000010001100101000011010111010010101111111111000100101100010000111011110000101010111011100011000
00011111000101001000110100010101000100000001010011010000111000100010010101101101000110000111111101010100101010010001011100011101
10000111111011010100000101011000000000000111110110010111011000101110100001010010011001001101111001011100001110100000011101100010
01000000001010111011011000011110010000011010011011000111000111001011000100110101101001011110001110010011001110100011001101100001
01011100100101001011100100010010100111000100001110111011010111100000001101011111110000000010111111100000011110011000001011101000
00000101010000001000111011101011110101100110110110110101010001100111001011110111111100101001001010011111110110011111000101011111
01010111110011101001010110110010111101011110001110001010111011100101011001100011011100111001000000110110111111000010110100111011
11111010110000010001011010101110101110100100000110111110010011101000011100000100101100101101111110111110000110011001111001101001
01111000001010000000001010001101101010111111010100111000101110011011011001001111110101101100011010011001010100011011101000100010
10001110111110010101001010111100111010101010010010001000110101001010100111101100101111111110011001100110011101010100110110000100
10010001011000001111010110000101110111111110100111110000111101101011110110100011110011000111111000011100111100111100011101010000
10101111111101010010110000001001011001100110110011000011110001010101000001010001000110101100101111101010000000010011100100100111
11011111010011011000110100001011000110001000011100110101101011101001000000000100101001110001001110111101101100110000010001101010
00100100011001111111110111001001100001011111100110000001100100111111100100000010100001011011111101110110000110001011000101111110
11000011010000101001011101100001101000101011111110001011100011010001101100111000100001111100001010011011101011111111010011110001
11101000000111111011110100001001101000001100100001100000011101110100111010010010001011001001001000010011110100010000000110010000
00110100100110000010101001100101010110010000100111001100000100111011000010010100000110001001100011001100110101100010101001010110
01011110011001110110011100001100100001011110011100011111110100100100011101101101011001000100101010001011100101111001010101011111
00001100111111000001110100000101101011011011010111100010111101111101001111010001101010001000110111110010010111100111000010111001
11111001100110111100011011100101011010000101001001011000001110100001101111010010101000101010011100010000111000011000001001000001
01111100010101111110000011001100110001101111011011111101011001110011000101111100011011001001010000011001110111011100011010101110
10111111111111010011100010100011111011001001100001111000101110010101011000110101010111011110001010011000101011010000100000110111
01000000010110011100010011100111101110010010001001111001101111011010010011111110010011100100010001101111101101101111101011001101
00111110011011001011000110110000110010010100101100100110100000000110000001011000010110110110001101100111010000010001000111110010
00101110110111101001101011110011011100100010010110000110110110010101101101011111001101101111011001000000101111010110010001101100
01010010000000110101010001001111111111111011101110101101111011100010101001110100010100010111111101100001101101000011100000111000
01100010111110011011100011111000101011100101000001010000001101011111001000111000111010001010110000000101100111001000000001010101
01101001001101101011000000100010100001001100101011010001101001011011010011111000111111010100100000000010011000011111010110100000
01000001010010101101101101001011110111010011110110010011101010101110110000111001111110011011010101101010010111111101100110111110
00000100110101100111110111101001001100000000010111111101001000111100111100111110000101111000100110010010011011001010111100111011
11110110100100000101011111001110110010001101110100100100011000101010100011110101101101110011101111010110100011000111000000000001
00101000111110001000111010110110100011010001000000001010110011101000010011001010110101001011100100000011111101000101101011110001
10101011100010110000111101101010101101000101000110000100111011110111110000000001101010001011101110110110010110001101100000011111
11001111000000100101100001010100000001011011111111001100110010011101000100111001101001011011101011001000001000010001110100001000
11010010011010111100011100010000010010001011011011101110110001110100111011011100001110100011111111110111001011101001001011000001
00110001101001101100110111101110011101110000010001000111100100100011110100000111010101110011100010001110011100011001001101100011
10101100001110110010111101101111011000101101111111001101100110011101100010011011100101110011110101111111101100001001110100011001
01010101101100100100110011111010110011110111001110101110000011111010000110110111001010000011011011011111110100000100011011011110
00101001010000001100111111101001101010010010100100110011001100101100111100001111100110110110110100110000011100010010001101001000
10011110010111011110110101011010001010001010000001001001111010011001101011101000001000100001001100000101100011110110010111110000
01000111000101101000010001100100010010100101010100000000010111111100000011000110100110011000000101010111010111110000111010000110
10111011111010011010100100011110101000110110011111010000101000101001011000010001100101010111001100101110010001010001001110001111
01101100101110110111011111100001010001100001001001111111110100010011010011101000000010101101100111011011011000111001100000001110
10011010010110100101000101011100111111011011110111011000000111010000110010111010011101100001001001111000011110000010101011110000
11011011000010011100101000101010100101110011101000010011000111101100110010001000010010100001100111100100011100100000110011011011
11111001110101101110110110111001000010111000010001101110001011111101011111011101110111111010000101100000000110100010001101001001
11101000010111100101011001001110110110101000011101000000100101010000001100101111100101101001000011010101011010001001011100001101
11100110101010011101110110100001010000111011000110111001111010100100010100011111001000010000010011101111000101001100000111110000
11101111000001011010011101011011101110101011000110001101100000110010010110101010100001000010111101000101010111101101001111000101
01001011010001101011011001111101110011000000011001000001100000000101110101110111001001010111000000100101101110010011000011000011
01101001000100010100101000000001100100100111100001001101010010011111011111100011001111110110011001010000000010011010010000001010
00101110110111100111101000011100101101101111000101100101101010001111010100011000100000100110011000110100111110000011011100100100
11011111110110010010100000010001000010011011110111100110111010101110011111101000111011101101110101100000001111001111110101001001
10111011000000111101011101111110000100110010110001000001101100011111010100010111010101101001101100101100001000001100001001001110
01110010010000011110001001010000000000100111100111110111111011100011110101001000100010110011101101110101100001110100010111101010
00001001010010110101101110111010001011010100010000100101001111001100001000100000111010001110011010110101001101000111010010011011
10010000001000011001110000101011011100111101100101100100001000001111111000111001011001000111000010100011000010100000101101010111
01101011011001000101010111011000000001101101100111000100001101000100010011110100100011011011001001110001000000101110111100001111
01100111000011100011000110000100010000000111010110001001111010100111001001010010100011100011011101111011110000110111111111100100
01001110110100111111100011101010111101001100101101111100011110100000111110111000001110010100011011100100011100001100001000110110
00100101101000110110011010101110011111100011010001111011101101100111110000000010011000111000110001011101000000011110111000111100
11101100000111010110111000111011000000100011001011000000111111011011110110100011110001001010000011001011001111000000111011101100
00100001111001001110100010011110011100110100001110101101110011000001110110110111110100101000010110110010001111010011000100111000
10111001000100010101000110100111000100010010011111011111000000100011011001011101000100100101101011100101100001101100100010110000
10111010010010111111000111001101010101111010000110111000000100100100001000100000000001001110101110110011000010001011000000110111
10010001111111000110010010010011111110001000001011101000000100111001010100110001000011111111010010110001111101010101111001110000
00100101111101101000111100111111000010011100100100101100011110011000111010100111101110110100110100110110000101000011000010101010
11000011101101101011000010110111101101000010001011111001011101111111001011001010001100001101101011101011100011101011000000010100
01010010110101101001001100100100101011011000100111010000101111100001101010110100011101011000111001010111000000010100001011010010
11010011001010000111111011011101110000100100111001101010001101010000011001111101111111000100001100111000010100010101100101001010
01101110010000101111000011111111100010010100101000010011111110100001111110011010011000001001101100001011111000001111011100111110
10010111100111101100101010000011110110111111110010111011100110010110011101101110100111000101000001110110101111011001011001111110
01100111011111010001111001011000100110001111100111011000001010111101011110000110101011100010110110011010100101110010001100101001
10111111010010011111011100001100111000111000000110100100011000000101000101000111101101111011110011010010001011001000010000100101
10001010010101100001000100110100010000110100011001000110111000110110100111010001011100100101010011000111000010001111011010101000
10101010011000001001110001011110000101111001110010001011111111101111110001010110101001100010010001100100101011001111011100010111
11010110010111001110000000001011101100001010101011111101100111001011000101100111101011001010000001100010000010111111010010001101
11111000101110010011010101001111001010000100001100100100101111101010110010100110111000011111101101111111100100100110111010001010
01101100110010111111000110111011011111100111111001110101111001001001100000101101001011010011111110010110000000100101011010000000
00101101010010111011000011100011101100101100000100000111010011011110100101110111000001000110000110110000001110101001010111011001
00001010101011010010010011100110101110010010011000000000110100101100011010000111011110111010001101111011001001100101101111011001
11111010100010011000101100110101010111100100001000000000101000001010101101101000101111101011011010000110110110011000010000110011
11101100110010001000001000100010001011101011100001000001111010110111111110001000100110011010011100101001011010001000111001100100
11110010110011101110100010100000111101111110101000010000101000001100110011001111101000111011010111010001111001001000010000000100
00011010010110011010010010011100011110100110111111001010101000100110100010011101011011000111101010000111100101011000110001110100
10111111011011011111111110001101101100100000010111110101101000100101010110110011110010010110010001001011001011111111100001110101
01111110010100101000010001111101101110001110010011001101000010001001010000110001001000110110011000111111110101000000010111111010
11010000010001001001111010110010100111100110101010101000110011101101100000010010110011101000111010111010111110010000001011011010
01011110010111101000101011001110110111100000100001001100011010011000001010110011110110110001011011001111010100110100011110101101
00011001010000101011011000100111011001001000000011010010111100111111010111000100110101010011111010001011011000011010110010101111
10010100101010111000001001011111100110100000100001100111101011101100000110000011001011110010001000111000001001011100011100011001
10101100010100001110011010111010111111011011110101011010101100101110110101010111111010100100111011111101101010110000100010001001
10010001101011001000010111101010001101000111001000001000001010011101000010011100001010010011000111010100010010111111010011100011
11010100010110110101010111111100011010110100101111111111011001011100001101110100100001011010001001001001011011100110110010011000
10011001010100100011001101111010111011010000001110001011000110110001101111010001000101001111100010010110010000001110111011101001
10011010100111000001011111100111000100110111010000100011101100001110000001100000100011000101011011101011101000101001001101110011
00101100000101000001111110001110000010010111110001000001110100010110001010111000101011011000111011010100110111100011001100111110
11111110011111111100111101111010111111011111100010110110001110101100010000001111010000100110011011101000100000001101011100000000
11100101100101000000111000101100100011000000001010111000010111010100101110000111111100111110101100011100100000011010001111000100
00000001001001000111010011001011001001000011100000010101100011000011110001101111101001101011111000101110011110101011011001100101
00110000111000100011010100111111001011011010011110101100001100110011000100010101100011110000011101001101001100111111110011111010
01011100110011001000011100101111010100000101010100111010100000111010110100111101011011111101010010011101010010111101001011010001
11110011000100010110010001000100011011001011000100100000101100010100101010011110000000000001000101011100101000001111001110010111
11010000001111111110000111110011111111001000100010101101010111001101111000110100101101010011000000001000101001011101001111111111
00111011110001011100111111101011110011001111101000001001110101011010000101111011100000000100111001100110000101001011110101100010
11010111111110010110010000000111001110000011100110110000111011001110111101100110011001011000010000011101100110100110110011111010
00010110110011111001011011100101101101111111100101010001001011110011111010111000000101010010101101101011011010100011111000101000
11000111111101010011001111100011110111100011000000100000001000111001111110111111000111011101010111111110110010100011110001101111
10011000110101111111000100100000110101000001001110010101111111000000101111001110110100101011100011000111011011011110111000100001
00010101010110110111111101101110110101011011101000101100110000101001011100110100000100000100011000001010101111010000101010100001
11000101000111101000101111001011011001111011101001010010011011101101100110110110111111101111000001011101011001110100000111100110
10001110000111100010010111011111011000000011001110010010001110011100101011000101011011001101010000100101011011100101010100100010
00110001000100110101101011100011010001100000010011111111110010101100010011000001010111110010100110110001110000010111001010101011
00011101010000101101101000111111000001010110011000110011001101010011000101001101001101000110011100101101110100010010111110010100
10001100101000110011010100110000000011100110111101111101101100010000110101000100110110101000001101101011111000000101110010011011
00011111011011110110001111001100110010100100111001100011100001110010001110010100100000101111001000011000110111010101110110010010
00000001001001110101010111101100110101110111000000010001010101111000100011111111011111101111001100001101111110011010101101101100
01101111100111110111100010001001101010010110101001111100001010111100011010110101011111000110010000010000100000100101110001001001
01011111010110100010101111001000100010000110010100001010101010001111010111010001101010111010100000110111010011001011110100100000
01110110101010110000111110111011101011111010011000000110001100110000111111111001110101011000110110101011001011011110110101010111
01001000010111011010110010101110101001111100100110101000000101010001111111011010101000110100011001010101111111011100001010101101
00111010001100100111010110000011101111011111000011101101011111110111000010011010100011100111011110011011101111010000110100001011
01001010100101001101111001011000000001110001110000001110011011110111011110001001111101001001000111010110011011010000101010110010
11110001010110001001100000010011011101011010000101101111100010111110101000010111111101110010001110111110111111100111010001010100
01001010101000101110010111110101001101000011000111111100100100100101101011101001010110100111010010000111111011001101010101001011
01111010001110000110000111101011100110000111010011010010001111111011110000010100001010101000001010110101101111111111111101100001
11111100111001010001110111100001110100011101011110001010101101000100111010011011111011001011110011110010010100000111111000010011
00110010101001100111111111000001001011110000001001110100011101001110000011000010001011011111100001100110011110000011011001100010
01110000001100110110111101100011010001111111111111010001010100111110111000100111101011011010000000110011101100101111110010010001
