11100001100000000011001001001010110111111000101001110100100101001011011001001011010011110110000111010010000111001101111001100001
00100010100001011001111010101101100001011010010000100111100000011010010000101111111011101001010101010010110000101111101010100111
01001101010010111011111000010000110111111010010001001100011010000111110100001110101001111001010011000001101001010011111000100001
00111000101011011111011011110011100110000001101011011001011010100101110100010100101111111001011111011000110000010010011000010000
11011100010000100101111110100000000110100010000011010011111101011101101110011010111100000101100110110000010010110100010110000001
11100000011001011011010110010000011111000100110111100110101110010011000000010111010110010110010000011111100000011010001011011000
00000011001100100110011110100101011011000010011011100110000011011001010010111000001010010111010010000001100111011111001011101100
11011000111011101001010101111001001011101001110111110010110000000011001000101011111110100001110010011111101110101001000000000101
01101001111110101010011010010010111000010000100110111110111001100011110011000100110110110011011100100101010011110000010100101100
11010111101100001101010010000100100011010001001000011111110000001011101100111111000011100010000111111100010110011100001101101101
00111010011010101100100110010011011111101001010110010010001010111111101101111101110101010010001011011011110011100100011110101011
00110111100010000000001101100100011000111011011001110111010011001000000101001011000000010111110101101001110000000110110111100011
11001001110000100011110000101011100011110110010011100001001111001011110111011001100011000000100001000100101100001101010011100111
10000111000111111101111101010110111111001100011010101011100110110000100010001101111000110001111111001010101110000100011010011011
01010010001001101111011101111000001110100001001101100111100010010011010100110111101010001101010110100110111101110101010011000001
10001011010000010011100010110110010111010111010100101100101000101001110100010100010011010110000010111100000000011110101101000000
00111111011111011110100101111010110001000111110000100100010100100110100010001100100110010001000011001110101011001110111001110111
01011101100011011110011100111000110011101100111001001100011001010001110110011000100111010100001001000000000011100111011100101001
11010111111001101111110101011000100010101110010010111010101101000011000111110111000000011111001101100000001110111100010010000101
11010001000011110001010101010001011011001101011011100011000101110101100111110001000000011001100111110100101101000111100011010000
00101010001011100110011000111111001011010111000100010100011110110101111110110101100101011011100011101101111110101111001110001110
00011101001111010010001011011110011100100111101111001100011010000111110001110110011100001001001010101111001001001110000000011100
00101101110110010010001100000111010011101100001010101100111101100001011111101111110111110010010101001001100000000101110000001101
10111110001110111111100101001110100000011010011011001010110011010111111101000111001101001001010101111001110101000001101011100010
10100110111010001001110001111111101101111000111110010111001110100001101101111010011111101101101111100010001011010011110111100101
10001100010100000110010100001001111110011001101001101110011001111000000101010110111100101111011010011110101101001001010100110111
10110001101000100010000001111101111111100111010111100111001101001011010011001011111110101101011110101111001011100100010000111011
10010100011001110001010110111101101000010101001000011110100100000101011011110011000001111111000111110111100101010011101010101110
00101000110100011101010100110101011001011001100110100010110100000010000101001111111101011001001100011011000110000110011110110110
00000000010011101000000001000111110101101000011000101000010001000010010001011111011010101000000101100001011010101011111001110010
01001000110101010000001001100011011100010011101111001101011101001000010101111101111010001101011010010110011001111011001011100110
11101011010000111100011010000001111010110101101001110111110001010101100001011100110110001010101010000011110110101011011101100110
00011000111001111001000111100010001011111000111000001110000001101010001111001010100111100010100110010000010010011110110011110010
01000111000111110011011010001010010110101001111100111111100110100101001101110000011000000001010101001010101111001000101010110011
00001101000000101010111001011101110100011110110100011101010010001010100111100001110000111011001010000101100111110100001011010100
01010101001110010111101001010101011010000000100011000101000111111100110001001101100011011100011110101011100110111101101111101011
01010100011011010010111000011111111101101111101110100001010001100110110100000001011101100011011000001011010101101110100101010000
11100000000100001100011110010001010110001110000001010100011001111100100111000001001010110000101101010010111111100011100110101111
00000111100000010011101011101010100111010101110100100010100011011001101110001110010000000010001111001100010111010010010010101001
00110101100000100111100000110101100000011110011001001000101101001111111100001101100100000111011111001011010111100100001100001010
00100000000111100001001110100010001010100101011010100000011101101000100100110001010111110000111111011011010011101111100100101101
11001100111011101001110000101011100110011011001100001010000011100111001010100100111111011001110101001011110010110010011010001101
00100111010010000011001001111001000110111111110011011000101001111001110100101001100111101011000111000010011010101010110011111101
10111111111100100001011010100000001010011111000101100111011011001001001110011001100001000001011100101000111011110101000110010011
10011010010000101110111000111000111000000100000010100011010011110111111010000011100110000000010000101010001010001011110110110100
00001110001001010111110011000010111010111100011110101000010111011111101110101011110000010001101010001000101111101011100111010001
10111100101111010111100101110001001111010011100101111001001101111101110110110101010100001011001010111100111000011111100110011000
11001111100110101101010001000000011000010011110001010111111101010110100000110001111001010010010110010110100010100001001000010001
00011111010000101100100011001010010101001100100101011110010111100001000011100101010001101000001111100001010000011000010101101010
00111111100011111111011110000110111100000011111100100100101001111010000100010010101100001101110010010011110000010110111101101101
10001110001101101011111000010011011011110011111100001111100011101111111101100001111011111001011100110011111100101110110011111000
11001101000011101100110101011100101100001000111000111000000111000011011011000001111111000101110000011111101111010001011001111110
11011101101001111001011111010110010101111111100001110000001101100100001110001010011100010100101000110111110000001001010110101110
10000111101001100101100110001011100011010001110111101100010111100111101101100110110110101000110100101001110010110011111011111010
10111110111111111100000100011010101000011000000000010000110011001010110110100000110111111101111101011101101110111011010010100001
11000000010010010000101100001101100011110110000001111111111011100100101111011100010000101100010101100001111001111101000111101101
01101110001001001011110001010110111110011101101111001010111100010110111101001000111000001010110111011001110111110111101110010010
11111100000111001111110010011000101010011111111010101101010110001101111110111011011101000001101111110000000100110101011101101111
10011001001011000111001111111111010000010010110101010001110010010101011100000110101001101101000001011100011000110011010011001111
11000001011100000110100100111110111111111101000111000100101111101000001110110010111010010110110111101001101111101001111100001001
10011010100100110101110011011100000001100000011101100000001111100010110000101110011101110101101000110100000010110101011000110000
11101110011011000111101100001011011111100110001100000011100100011010100011110010000111010100101100100001100011101101100010111011
10101011000110100001000100000100010011101111110010100001100000111010011000000111000010111010101000011011000100001001111100100110
01111001111000000101110011110001011100011101011001010100000111111010000111010100101011010100000100001101010001001101000101000010
01100111000001110010111000001101101001111011100000100110111010011001111001011000111001000010110100101111001000010101101001111001
11110001101100100001011011011101100000000011110110101000000100001111000010000010010111000000011111000111100001010010010111111011
10100000110100010100101010101011111111000011100100111110010101101001010000000111001100000110110001101001100111100100110111011111
01000101110011011111100000110010010010011100110100111110001100001111110001100010100001010110110000000100101110101001100000101011
00001000000101001110000100111010101111111010111100001000101110111010111111110111101001111111110110101010110000011010011000000100
11100011101111011100100011101101011011110010100100101111011000100111101010111101011001101111011010101011101110110110110010101000
11010011101100010001100011000111010010100011000001010101100111100011100111111111111001000110110101101101000000010000011111110100
00111001101010010111010011100001111000110000000001000000100000110110101001101001111110001111110001100011011110011101001001010100
10110010000111111001100100110010101111111110010001111110001010110010000011100011010000111000100001001110010011101101100001011011
01000100101110010111001110001101101000010011110101111111100000110001000101100000000010110010001101010001110010100111010000100001
11100011100011100100111000101111100000101010111001111000010110010000001001111110011011001010000111100000000100000101011011000100
11100010011000111110101011100100111100011010001011100101100010100110111101000101111011000010111101100010011010111100011100101010
01110011000110110011110011011011000100110000000110000100111011101011011000111111000101001110000101111010000001101110111001010101
00110100001111010100011011011100001000001100110111001010010000000011101010001000001110100110110011110010010100011100110111010010
01100011001111011100011100001000111110111100010000011011100110000100010101100100010100111000011110001001011110110100110110000101
11010110110001001100010001100011010111110011000001111000010010011101100111101110010100101101010110100110110010011001111001010110
10001000011000011000011001100001010101001001011111111011110100101001001100111001011010011010000001101110011011101111100100111111
10111011010101010111110010110010010101110111100001110101010001011001010100011010011111110111110011010011000000110110100010000100
10010111000001010110001001101011000010011000111100110011000100111110011110001011100101000000000100111110101011011101110101001001
00100100011011010000100011110010011100000110011111000111110001101010111111011100000010000110100010110111000101011010100111100101
11110100000100111110001011000001101100101011001001111000000110101010100000001110101011111110011011000110001101111111110101110110
00100011010010100111100100101101111011111011110100110101001110111011111111110110010001101110111011010101001110100100101100011010
11110001001101100101101010000101101100000001111000110011111110111001100010011001101011101110000000000010101101000010001011101001
10110000001111101101001001000110110011011110101111110001001001101000001010101000001010010111101010111111101000101111101011111011
00010001101000000010110001101011010000000111111001101001011111010011010111111000111010010111100110011001100111110110111101011001
11110001101001011110101101000001100011110000001100011101111100100100111101111110100011100100010111101011101111100010001010000001
00110101110111011011111011111101101000000111100101010010110111010011000011100101101001010000000111111110001111001010010000100011
01010001010101000111011111011010000110110011100110000001000000111101001011001000111101110111110011100110011100001100110110111100
01000000001010111010110011100111000011010110000101101010001101011000100000100010101101000000111010100111001110100111110001011111
11010010100100000011100100101010110110000101111010111110011010100100011100001000110010011001000111011001110010111110101100111010
11100110110111100001110010111001101000011000010110111111111001100100000010101101001001011101010011101111101101001000011110111110
10110001000111001011111110100110010101100001111110101001001100111010100100111011110110111110101101111001001100110100110000000100
11100011110000110100110111101110110111010101110111010100110010101010100111110000111010011000100100001110001111010001011110101001
10000011011010110011101101110000111001100001011010101110101101110000001011110111001101010000011011010011010100010111000010010100
11110111000011101101110011111001011111010010011010010000011011011110000110111000011000110100011011010001001100111011111010010011
11110001010111011111001111001010110111001001101011111110010101100101111100010011110110111100011000000101000100000000001000010010
00111000010000101101100110111100111110100111010011000110101110110101010111001000010001101011011111001110011011001010011100010001
10000000001011010101010000111011101000001100111100101111111111001010111101001000000111001001001010001011100011111000111001101011
01100011010110011101111111010111010010111100111010001011011111010000110001100010010001110000100100100101101100000111110000110001
11010010000011011111001100110011110000011100100101100111100001111110010001101101101110010111100000111101010100101110011111110101
00101011101010011110111110111101111100110111101001100100101100000111010110100010001000101000011101100110101010110001111011111010
00011110010001101010101111001000001000100100001111110010010011011111000001101101010001000010110100010001010100101011101010000100
01110010001111000000110010111110000100001101011010101110011010001110111111011110011000100101100010010101100110000101111011001100
00110100100011111001101011101011111010001100010000000010101011001101011111100110011011101001010010010010111000000101101000001001
01101010001110011111010110011111001010110001000010001010100000010010110101110110001011111111010101000110101100101100111110101111
00100101010100100000001011101001110100100100111100101000010001111111101111010011011011101101111010010101111011101101101110101010
01001011011111010010011001000010011110110010000111000101011101000011010101011010011111101111100111010011001000100011000001001010
01110011011010111111101001111110111100000110101000001011100100011011011100011111100110111010011011111000001101110110000101100001
10000100111110101001101110100101101000110001000100001010101001101101101010110010000001111010001010000011100101100011111100101010
01110101100010000000011110110100111101101111011100010110111011101010010011110101101000111100101011001000000110000001011011110110
10010101000000110101010001101000101111000001111010101100001000111101000111001110011101100110001111011101011000001101111011100111
00111010111101110100100111011010011110101100011001010100100001010011110101111100011111000010101010100111000001100100111110101100
00101111011111010001100101010111100110101111110100001001111011101110000100111111101101111101001011100110100111100101111001001111
00100000111100000011001101111110101110101101011001101100001000010010100001001001000011010100001000101011000110100011100111001000
10011101100000011100000001011101010111111100001110011111010111001110101010011001011000010101100111101011000100010001110110110101
10101111010111000001001001010000101010100000011000100101111110110101110101110100001001110100110001000110001001001100100100110100
11001001000000101100001010111110000001110000100011101110100111100000100011010001110000001111100001000011110101101111101100100010
11100010000111101001010000011001110011110101101100010011111001011011110111100001001001100000000100100011111011010010111001000101
01000111111000110100100111000001100110100111100000011110111011100001000100001100110001011000110001100100000100111000011001110101
10011011111111001000000000011100001111110111010111000000101010100100011010000100010100011100100000001101110110100001001010010110
11011101010111000101110001011111101011011101101111100010101011110101011111010111101111100000110001100000111111111000101101011011
01111010010001110001101011011111100110100100111010110001100011100111100011010111100000110111111100000100111100111011111001001001
00000000110100010111110111110111001010101110110000001011110101011011000011000011100100111101101100110011111100011011010000011110
00000101100110110111111001100110010010000001011110001000101101110000010101000111001100000010011111010111111011111001010001000001
01001010000000010000010100111101110011001011010110101100110110110100011010000011110010100101011000100110000011011110111101010000
11000001001111011011001011110110111111110100011101010101011001101101010010110010111111100000000001000101100011111101101000111101
01110010100010001010001100001100101001110111101000001100010111100100000000100011000000101000111100101101010000110000000111001010
10001110101011111110101111010001000001110110001101000101100000011000100011010000110011101010000011100101010111101100101110000111
01001101111100010110000111111010101000111001111011001001100110011010101011011001010110101001001110110010100110000001110011111001
00001011111011110111011011101010000000000011111100010101100111101110110011000010111100110101000010001011100000111011010010001111
01001010001100101111010000100111000010100000000100001000101110111010011000100101000001010010010100001001101111101001110100100000
10001110000001011010001001111001000111000000111101110111101101001001011100001100001000101110101010011000110100000001100110100111
01110011010010100110101000011010110101011101100100111101010011111101001110000011001111000100100010001100101001100010100000000100
00110100110011100101100010110010010110010100110100101001000100100110010010100110111001111010000111110110111101011011001100010111
10110010101000111111001100001101111100000110001000001001111101101011001110000100110110001010101101111010010001011100011101111111
01001011001011011110000111001001010010110100010101111010011011001000000001110000101100000111101111101110011110110000010100011110
00010110110001010001101100100011010001011111001000011101100101101101011000111001110101101001010110110000101101001011001010111010
00000011100010011100011101011100011001001111100001100000111011111001110100111110101011010000000001101001011011101010101110000101
01000111011100100000001100010000000100000110101000101000111110101010110111101001001101000000000001111001110111010011110100110000
01101010000100011010100101101011101101011111010011001111000010010111011101101010010110111000110000011001011010101010000101110101
01100100110100110001000001001001110011110110001100100011011100100100001100101110001000011000100110011111111010011010001001111001
11011100111001001111000110100010100111011111001001101111000110010101101111110010101100011100111011000011001111111111001011101110
01000100010101100101100001101000101000010011111000100011010111100000110001011001101000100101111101101000011111110011011100010110
01011111001011100100000011000110100011111010000100010101101010100101101100001110010101111101101000111110010110100101101011100110
01110100111011010011010011110010111101110111111100101100101001001000111011011101111101011101011111000001011101100000111111000111
01101011011001100101110110100010010001111110101100101000101100100110110111110111011110010010110001010110001100100100001001100001
01001110011010100011101100110111000110001111101001100111110111101001101011000000100011011100001111100011101010011001110011100100
00010001111111001011000111101000001001010011100111001000111101011110101111011111111101011100000011011010011110000010000100100010
00010110100010101110001111111110011110010110010011101011100111010010010000011110010011011001110101101001011010001100011100000101
01001000011010011011011011100111111110000111111110110001110110011010011000101011110111000010001111001110000101110011111101101001
01000111101011010110010101010110111111100110100101001111101111100101111001010000001001111011111001000110100101110010001110001100
10000111100110000011011111100100000100001000100011010010111110011010000001000110100101001100001101101100010000111001011010010101
11011000000100110001010011101011110110010111010101111011001101111100010010001011001110000101101010010001001101011011001010100111
01100101000100001111100011000011110100101011100011010100110100100010101010000110000011110000011011111101011011101000011011011000
11101110000100101100000010100001001000100010101000011101001111110010100001000100110001001000000010110010111111010101000101011000
01100101100000101000001010101010100011000001111001010111101111100100100010000100001010011001111000001000000100001101101000000000
01010001101110011010111011011000111000100000111000111011110011010100010000101111001111000010001010010101110010000011001101111010
00001010110110101111000011011000100010010100001001011000111110000101010000111010111000000011010101001101001010110001010110011110
11111010110001011010010110101100110010000001000101001111100010100100110111011011101110101001110010010011110001000101100010001101
00011000111101110010100001011010100001001111110000011110000101001101110111110010111001101111111110001010110101000101011111101100
11101011111011101000001010101010011100001010111001100110000101011010001111001010000101000001110101101100101111001001111111101000
11010110100000000101111100010101110111101100101111000001001000100110011001011111101011001101110000100110110111110010000000000000
10100001110001001010010001101100100010100110001101100010100110001001101000110010000101010111001000010101110110000001010110100110
01000011110100001101111000110001001001011010101001110001011100101000111001001100001001001100011110100100001111001100101011101010
11001110101010101010010010110110100010000110001000011111001000011100111100010100111101010111100011000110011001111111000111111011
11101100010010101001000000011100000101100010000011101001101111110000110100011101010111001101010111001001000001000101000010011100
00110001101000111100000010111100011101001000000110101111110010100001000001100001000111100000101011111101110100000101010000101010
11101001011111011101101011010110000110110001110001011101010010100111001011111010010010011001111110000001101101110101111001101001
11111010100011111100010100001010111011111000100101101001000001111100000000110111101011011011101011111001100100000000100010111001
11011110111000101001000100000100110001000001010011011000110001111100010110101110001000000110111101001000010000100000111100001111
00100101100111110111011111100111000101100000100101101100001000010001111000111010110110110111101110101001010111100101010001100110
11010011010110111110001100011000110000100111010000000010001111110001000001101111111101110100000001011011001010001110101010101101
00001000010111001000111101010111001010111010011110001111111101110110100001101000100001000111101011101010111001110000001010010000
10001000011110110101011011011110111011000000000001111011010011111111011111100110010100001000111111011000011100010110001000110110
10111001111111100101101011011011101000100110101010100000001011000111111011001010011010111011100010011010000000111000010000010101
00110101100001000110111000110011111111110001110010110111110100011011010101111011001110100001110011010000000010000101010010100001
01110010010000101111101111110110101101100101001010001110101001110110100001010000111001011010001100111001010011000111111110111011
01011110110000111000110001100101010010100110111011111000000100110100010001001101111011101101010000011000000101000011001011000111
10001001111000010100111001011100010110101001000111110110101110100101000111101100111010110101011000100111011000111111011100001101
01111111101010111011100111100010110001100110000110000000010111000011001110010110000010011100010100110110010100111101110100110011
11000001010100111101011110011100011110101111110010010101100101111111011111110101011010001000010001111100001000111111110010111110
10000101001000101000110001011110000001101101101010011111101110100000110111110100110010011101111101010101100011001010110011101001
00011011101110000110001111010101000101111111100101111110110100001110011000100101001010011110101000101000001101100111111000111001
11111010110111010000010001100011000010000110010011010101110101011000110110101100010110101100110000110100001000011011000110111111
11001101110100100011011000001000111001011001010011111011110111011000010001110100001111110011111011000111000101110000000100100111
00000100100111001110000110000010010011110011000000010111110110000100000111011010111110100111110110101010001000101000110000001000
11011001111110110001011100001101101100111101101000101110001101010000100010110100000010110011100111001000010111101111100100100011
00000010001000001011101101111001010010110111111100100111110011100101000100111110011011011001001000101011111101101011111011000100
01100100000001011011001101111010110100110001001110000011001111110011011000000110010011101111110011101000111000011101100011011111
11100100011001000011100111110011011000101001101010111100100010101001010101011110111010000110010101111000101010110011000111100110
10111011101011011001000101000000010101011001001010101001101010010100011000100100110010111000111110000001011101010000111010110100
00011000111111010110011110001000001011011011010101110110101010010001011000100100010110000110011011010001011000100010111000001101
11011100110001100101101011000011011110101011001011010010110011100110000000100010100000100011010111011101101110001110101001000110
10100011110100110111000000110001110010101010110110011001000001010110010011000111000001111010110000100010010011101101001000010110
11001001001011010011011011111101110111011010110011101100100100101000011001010101001111011110110010110011110000110001100110001000
00001011101110011011100100100100011111110000111110110101001010001100000001110111011000111111000010101101011111000101011101011010
01011110000010000000101100111001011110011010010110111100111001100111111100111110110110110011111000010110001110101101100111100000
11001001111101101010011110001000000001011111101011000010110110101111011010110100010010001001001011111000100111011010111000110101
10101011001101010100011100000001100111001010001100110101000000111011110000001101011010001011000011110111111110101010100111100110
01101010010010001010000111110100000010101011001110000001001110111011110010100000001101111000011001111011110110011010010011011011
00011110000111011110001001000000110010001111011100000111101101010100111110001110111110001101011010001110000011101110100010001001
11111010111110010011101111110101010101011011101011101010001110000100100011100111100011110000011010001101100100100010010011101110
11010001100111100111000011100100111110100111110110000110101001010111010101001101000000010110111100000101111001011101100100000010
00000110101110001010110111100101111100111111010101011011100011110000001000011011000101000001001010110010111010110001011100001101
00101001010110001001101001110100001010101100111000101110000101000100001100111110110110011001011001001110101111000100111001010000
01101001101110100110000101111111010111101010000011100110100101010111011000010010000110111011011110000110010101100001010000001101
01010001011001010110111111100101110110101010101000010000101100100010001100110011001010110011010110111010010101011011010111010011
01001101001100010100100011101000000001001000000000010011011101001001110111010110000001000110110111001001100101110000101000001111
00111011100111011101110001000001001000000000011111001100010111100101000001001111101111110111110011101011110010010101110001110010
10011101000110110111000001111110101100001001011101010000010000000011111010001001001010100100001101001111000111001011101111001101
10110010000000110100111110011100010011011101111100110001111001101010010111101001001100011011001111111101101110001010011010111000
01100000101100001010000101011010000110000010000111100110101111000110111001110010101101111000101110011100111110111001100110010100
01010110011010010111011000101100011101000001100101000001110100011011111000111001100000110100010100101011110111001000011011000000
11001110011100000110111011000001101000100011111011101111000001111011100010011101000011111110011001111010111100100010001010110101
01101001100100010010000010111001100100001001100011001010111111101001111100100001110110110101001010100110010110111010000011101101
01101000111011110110111111110010110110111010110111100111001101001001000011011010011010101001110000111001111000101000101101101110
10111010010110101000001000010011100101011110111010001011001001010000000001100001001011101010010101110010111100101100010111010011
01110111110110110000010101000111100111011111100111010001101101011100111101010111100110011000101011000000110110010010101001110101
00101111001010100010011001101111011100110011001011000011010101111110111110100011100001011011001111110110101101001011000101011000
11111110011111101111101101010111011011011010111000010101101010000001101111110001010110101010100101010110010001111000101011101011
11101010111101110110110111010100000010101000110011001011110101111100001111001000011100010011111101011110001111100000000000101000
11110001111000101000010100001000000011101010101101111101010001110001001011101011110110001110101010000000100100000101100101101100
01100011011000111100011101100111100101101110110110101011010010101101010101010111001001001010100101001011110110011010101110000100
00011111100001101001001111011000110011010000111010110001111100110111101000100101000001111110000110101101111101001011101110011111
11100001001000100010001010010111100000000000100100100110101110100110001011101010001101101010100001010010101100111001001100111110
01100101101001001001101010000100101000011100101100001101011011010010111011000001101111000101011000100110110010100001110001111011
11000011011101000010111000101000000000010101001011110000111110000110000001110110111111000110100110011010100100100110011001110110
01000100110111110111010001010110001110010111110111010111011000001101101011110010111110011000001000011100101000100001111001110110
11101001110000100010110010100001001001001111011111000101001100100101100011000100101101100101101110111100000000001010000000000000
11000010100100100110111011011001111001110110110110011001000110100111101000111110011010000010010000010101011011110101000010100100
00010101111101111011101001011010000110001000011110010101101110101110000111001111110111110101010111010101001111011011011110011111
10100001010111001110011011101001001111110111101010011110000011010011101000011001000011101100000101110001101101010001001010010001
11111100001111001110111000110100010001000011101010010110100111010101001000101101100101001000111111111011110011100001010101011010
00000001000001100100110000010011000011000001001010011111111110110100010010100111111110111010101000001110100000111110101011000010
10001010001011110000011111001010000011110100000010101010110101000010110110000101011101111100110101101010111101110001010000001110
00111010100111000000011110110101100010010011011010110111101110101010101011111000001010101000101001011000011001011101010110100101
00011111000111010011100001111110000101001011100101100001011001111101011110110100010010110000001010011000100101111001111101100100
00010110101101000011110100010100110000001001111001111111100011101010101001010010011010100100100011111111001010111011110000111000
01101011001000110110111001000110011010000010001100001000001000010100111001101111111011000010010000000111110100011111001110110110
11011001110010010100110111100000110011010000001110111110101001001111011000000111000000110101001111000011100010111101110010101010
01000101110100000111010111010100110100101001101100100111010111110000110100011000110111011111111001100101100001110001111101110011
10001011111011101001011011010000111101000001001010100100011011001111011001001000001010000001100011110011000000110000010010111111
10011010010000100100011110110110010000111011111000000000011111010101000111111100011000011001010111101100100001101010111011011001
00110111011111000011000000000101010001100011011001001110111100000110000011100110101011001010100111000011100100111011101111100001
00010011111000001111011111011001101000100011100111000100001001011000011101110100011001101101101100100101011110110011001010101001
11011001100010011000111011011010011001101000101101101001100010000010101010100011011011110110000010111100111001111100010100010100
01011001001000110000000111110100011111000010111001100111100110100011010000001110100100011000000100111100010010100101110011000000
00111001101100110001001001101111010001110011010011010001010111001111010001110110010101100101110110010100001111100110110011111001
11100011011010111000100101111101001101001000110010011001001100101011000110011001100000000010001011100011101010111100101010000101
11011111001010110111100001010101001100010011000001100101101100101001111101110010100100100011000110101010000100110111010000100000
11101010100000001001011000110101101001001000111110101110111110000101101111100011101101110000100001100001111001111100011001110001
01110100101101101001101000001000100011101111101000011011010000000100001011110100000001100001010100111010000001001001100101100001
11001010100111110011111111010111011101011100100000010100100101100111101101101111110000110100101001111011101011011001010001100001
01110000101011001000011100011000101011110100000011000101101011110101010111101111100001100111100000011110001001101000001101011011
00010001100001001010011001100000001100111011010101111100100100111111011000010011010100011110111110001011011010011111000010010111
11000010100110011011010010001110100101011010110111101111001001011011011010011010100001000001111100010010011101110000001110000111
01111110000101111101010111001110011011100011111110000000010100100101100001011100101110100110111101001111000000000111100100110000
11011111100010011001011110111011111111101000111110000000010011000110000100111011111101010111101101111111011100111010101010001010
10110111000100110011111010010110110011110000101110010011000111100000011011111010110001110110000010110001110101111001010101001000
11001000100100010110110101011101101010111100000001000111001101011011001111111011010111011111000110110110001110010101010010000000
11000011011011110001000101100001011011000111100110110110010011110110010110000010110011010100111101101101100010000000100101100100
00111111101110001010000111101101001100101100000111100111001011111011101111110000110110110111111100011010100000010101011010101101
00000111011010100011101101110000111001111000000110111010010110011011100110101111101010111111100001010010110000111101101110000100
01111010000001011101110110110011111010111000011111001111011100001101011100100001111100011000001110110111001110101100010011010110
01111101001110101110010110001001001111000011100011110100110000001101001011001001000100011111000111000001101110000100001111011010
11011101111110011110000011110101110011000100010100111000010011111011110110101111011101110010001101001111100001101000100100001001
10101110010001010100000101000011110101001000110010001111001001000111001100011110000111101100011111101010111101010000000000010111
00011101100000110011000101000010100101110001110011011110110001000100101110000010000010101000100010011010110001111101010000111001
11010110101001011011001010100100110011001101000101100010010011110111111000000000000001010111100011101001111010000101001110011110
11000010101111101011101111000101010010111011110001011101000101110100000100100100000001110010011101010100001110101110000000000111
01100110010111010001110101001111111010101011001111101101101010011010110100111000110110011111001010011000000110010111001101011001
00111001100011100110010001110001000111100000101100101111110110101001110010101101010110101010010111111011010101001101010000010010
01101011010100011111011010100101001001010101001011110111000010101010101111110101101010100110001000001011110010000111100011001000
00111010110100111011110010010100010001011010001110010001010011011100000001001101001011000001111101011110100101000110000011110110
10001000000001000111011011100100010000110001101101110011001000011100100010011010101000101010010111000001000001000110101011110110
11010010100000101110110010001000001011100111111001100110010101011010000010101100001100010110111001100101101011101001111001111100
10011000001111010111011101111001110111011000000000110001000011001000001011000101111011100111111001010100000101010001100001101011
11001100001101100001100100101010100110000110100110110001110011111000110001111001100110010111011011001100000001011000001111110011
01101001110110010000100110100101111100100110100010001011010001011111000100110100101101010100111001101101001001100011110100101111
10100110101000010000000010001100000101001001101000001110000010000011111110111000101010000110100101011000100100111110101110010011
00111101100111110011010101001100100111001101111011001010010111001010001100001100110100011111001001101001001110100000001001010011
00111111101001101111001010010001100010101101110011110101100011100001010000000010100101001011001000000110011111001110001110000000
00000101000010100110101000100111010100000000111011100101001100001010001010110011110000000101110111011001101110100101001011000011
01011010110000111111111101101100111010111001100101011111111111011001000100001010010110111110011010011000111110111110110000101111
10101101000101111111001100111111011000001111000010101111100110111100101111111111111001101001100110111101011101010001111101010000
10110000011011001101111001110101100101001110101110111101111010010001111011101011011011010010000100101101100010011000010110110110
10100110010011000010111001100111001100001110011001110000101001111000011010001100111101001001000000011011010101110010100000111100
00111010100000100001100101001001110110101001010010100101101000000011001000001000010111000101011000010110010001010001111001110111
10001110011011011000100110110111110000101110111110000000111110001001100111111111110011110111010000000101110100010001101011111010
11000100000110011000111111101001110111111011110100100001011001101100110011010101010011011101100011111001100000011110100100100011
00010101100110010100101000001001101001111000110001100001111001110110001011010011100110011010000100000010110111101110101101010010
00111111110010010110110000011010001111001010011101110100000011011010100011100100101010010011010111001101110011011001101000110001
01110001110101010101001100110010110011100011010010010101101101100100111111111011001001001011100100000101011001110110000100111011
10000011001001000000010000100100111001110111100010001011000110110110010001110011011000100111010100000011000111010101100000100111
00001000011110001110011011011001110101011000000111000010011101010110010001011111110100100111001101100111011001111011100100111111
01001011011000101000101100010000101010010011100111101011110101101100111101001011100101111010001100101100101001101000000011111111
