11001101010111000110110001000100111011100011100100011001001101111100111100101001001100101101000001111001100001010100111011111001
11111011100110110101100101101000101111000010111100111000101001100110011001110111000011111001000001110111110110010001000000011100
00101000101000101010111101101100111101111001110111100000001101110010000100101110010000011100000110101110110110001010000000110000
00010000011010101111101001111001111101100011001001000011111010111110011110100010100011111111101000001000101100011110010001011000
00111100110011010001001111000100101101101000001101100011001101101100110110101100110011000101111101111110111111010111101001100101
00001101000000010000010100110001011100100100000010110100000111101100011001010101111111110101100100110001101110011011011001110011
10101000010111000111111010011101010010101000011001011101110011000011000100000110110111100111101110001100100110110100100000101101
11110111011110101000011010011011100010010011111101101000001000000000100011111111101111000111000010100011101100000001100100000101
11111001110100111111100110011010101110101100100111001101111000001010111001010000000111110101101101011101100101101100101011110011
10111101111011111010001011000001000010011000001011010010011111110010010000111111010101110101101001101101101001100101110100101000
11000010001101101001010111001001111001100110100000010011011100100111111000010001000001100100100010100110011011011110010010100001
10001100000010111110111001000110101000101001111100001011101010100010011010010010000011010110001110001001010110011010101101010011
11000100000111110100011110011111110000110010000011000001001100011010100101110001001011101101101011001110001101010110101011011110
00011111100101101011110011001001101100111010110010011101001010101011011111100010110011110110010101010010110000000101111000111001
10111111110011010110011001101010101011001000001100101110111110101011110100101100100111101110000001011001101101111010111100010001
00000010111010111101011100011001111111010101000110000110100101110101000000010000000100001111101100110110000101010111011010111101
10001000111101001101011001010101110111111110110111100010001011101010101111111000111011110101111001101110101010100111001001011110
00101011000100100100101101101110001101001101100011110001001011100011110101011001100110110110101100110000110011011001101011110100
00110100001011111101001101100110011111011101011010000000010100100100010111111101101110011100000111111101000010111110001101101011
01100000110011001011010111101010100010001100011111000010111011011110101011001010010101111100111000010100111110010111111111101111
11100111011100101001010100011001100010000000101101011000001000101100001000100011110011110100010100101110101101100000111011010111
01111000011010110011100011110101101000101101000001000011001001100001111100100010001000000000010111001011111101001111011110010011
11100111101011101001010000001010101000110011011000000101000111110100110110101100001000001101001110101100111100010000111010101100
11111001100011110101100111110101111111111100111110111110001110100010010100000001110100011010000111110100011110110111111111001001
00111011011101110000100111111101111100011000000101111100010000000000000010101101011111000110001000011010100001001011010011000100
11101001111001110101110001011010101001011100111011100100111110111011001110000010011011011110010101010001111100101011001000010110
00001100101001101100011000011010101111001001010100101101110100011001100010010010101001011000101100110110010101011000000111110110
00001011100100101110011111101000101101100000001010001100110001111011111001011001110011000111000110000001110111111110001011110001
10011110101011100101011110111101110110111110001110100010001111011011001011001100100001010000101011001111100000000000100110111100
10110010101001000011101011010101010010010111111011000010000011000010101011100011011011110100111010111000011001000000100011111110
10011010000110111101001001110011110010110000110011011010011000110000111010101001000101001110110100100000100011011101000101101011
10101010011010010011100001010011001110111001011110111110010111000000001100110000000010001011111000111101111101000010110111100000
01100110010011011101011111011001000101100000111000001000100000110011001101010101010000010001001111101011111101011010100011001111
00111011100011100101101001000111100011011101101001101101001110000101001100110100110001011111000001111100001101011100100111101101
11100011111010010001101111101011010000101011001111011010101101101101101110011000000111111100000001000011110100101000110011100110
10101101110001100010000010110111101110001000101011001011100100011111110010111011111111011110010111110100111110100011110100011011
11101100100110001101001110001110000000111101101000010010010001110001110110111001101110101000100011000010011110111110010110110000
11111001011110010001010010000001001011010100000110110111101101110000110110010011110011011110101100100100100000101000000000010011
01000010000101101110111110101100100100110110101101110101101010100010011101010000111101001010001101101101001101010110011111000000
11110010101101000110010011011010101100000010101001101001101010101110000000110010001010000110010001101011101011010111101110111000
10110110101101011100000011111011011101100100110000010101000011100100010001101001101010110101001100110001110101111001011110101011
10111110100111001101011001000010001111001101011100011111100011001000000010000000011000010011100101110100011110111001110010111101
10000011000111011111001000100111111111001011110100110001100001111001101111010011011011011011000110101010111101101111001000111001
10111001011100110111010000010000100000100111001111100001000001000111001011010000011101000100101110001110010000111110101110111110
11010000001001001110100100010101011100001111101110010001111010111110010001100101111000000000111101000000001100001101111100011101
10111000001011011101100011101110111011000000000000100100010101100101010011110101100101111001011010101010111110111011000001000010
10110100011010111010011001010010000001010011010001001111010111010100101101001101010101011101011100100001011010100011010111010010
01101101111110101011011110101010001000011011111000000111010101111010011000100111110110000110010101110111110100111111110000100111
11101100111010111111001000110000000000111100111101010010100001110000101011000110101011010100110011101000111011011100001110111110
00101111101100100100010011010011111101100000011010001101011010000010000100001100111110101011101100100101000111111111111000100100
00000100011101010100001100000100110111000100111100000100111011001010100000000101101011010111000100111010000000111001111001100111
01100010101001001001111010111101011100101010101001000110010001111010001101111100001010011000000101101001100001110111100101110111
00000001000100011010000010110110001000001101000100010010100111100111101101010111101000001001001000011111010100110010111110001000
01100100000001010011000000101111100101100100101100110110101010100011000100000111010010110001111110010010011010010001100000100110
01110010100001001000001000000000110001010110100010101000101100001010011011010010111100100111001011010000000111011000001110100110
00101111001101110011110111010001000010011011000000010101011110001000100111111000011001001011110100111010110101010110010011001010
00110001011101101011110010111011011111001101110011110101110000011000011110010010100111111100001110010110101100011011000110111110
00001111101011111000000010011101000101111001000101010011000101100011001100111011110111110111001001010111001001110001010111101110
01010110001001110000100100000111010001101111001111000011011001011110110101010010011001101100100101110010101110110111110001001110
00001111001010011011111100101100001010100001101101000110111101110111110010000001111100101100001011011010100100000001110100110010
11100111100010100011010010000100010101100111101011110001111100101010000000010011011101110100000011000111010101101011111100011101
10101000111101000010011011000101101110000111000110110011110101000011100101101011110101010011000101011000001100011111011011010011
11110110110101010110101010100100000010000111100011101011001111110101111100100111000000011001001110001111101101001101011000000000
11000110000110010111001101111110101100000000011101111010011100001010100010101010101100000010001111000010100010101101100010101010
11101110100001100011011100100000011000101101100001110010101001111101101001010110000111101011110101010000101110111110000011101001
10110111100101110100001101001001010101010100110100000010001101101100111110001011110100100001001011011011001000110000000111011011
01011100110100010111011111110111011010100100000011011111011110110110001111101001011001000001011100100110101101010100101011001111
00011010000100110110101100101010100010111001010010100101010100111001101110001011010011111010000001010001101001111010010001011101
10011001100100111101111010011011110010000001110111011001010001011001101010000100101111100110101110010010000110101010111010011000
11000110111110010111100100101010000101001000001110111000111100100001011100100001010100000100001010100001010111100011100101000011
10011000001000101001101101011001100000001111000011101110010100100000011111011001111001010001111101101010111010001011001000010010
10101001011101010111001000101010100000000010011101011110010111011011100010101001000110100011001111110100001010111011101101010011
10111110100010110100011010100001110111100001000110011001000001010011110111100110010000011110111110101101101100010110101011010111
11001010000100010100000101100010110110011010100001001101101101110011010010101111010011100000001110111110100011010101001010010011
01110011110011010001111001111010001111011101100100011011001010110000010110100110010101011100000000111100101011010111100101101010
00100110010110101010001101101000011000101000101101100100001110010011011100001010110010100101100100010000011101100010110000100010
01101011010010111110000000000100100101100110101001101011110001000001000011000011111001010100000101100000011010100000001000111101
01111111101010011000010000100010010111100110010010001111011100001010111001010001110000001101111111101000010100100110000100010010
01110100010100110010000110111110000110001111000110011011111001100010000111001011111111111011111010011100011001111100000100101100
10000001001101000100000101110010101010100100111011000010111100100101001100100101001011100100010110110100100100010110001001100110
11011010110011000000100110000001011111010100011000111100011100100010000101001001010111100100100100101110000110001010010010110111
01011111001010111100100110100010101100000110000100010000101001100010011101111101011101001110110010100010001101101101101000101000
00101100100011101010011101101100011000101101010000110101001111110100000000101011110000100101010111000001000001100010111001101111
10010100000001000001110101000010111101110001111110101010101011110000111101011001111100101011010111001011001100011110101100010001
01111011111011101010010011011100101011110100011000001000100100100100100111111100011101100110110000111000110011100101001100111010
01001000101001100000010111011100001111001000001110111110010000110100000101110011111100001001011010011000110111110000000100111010
10110000010111001000011011001010110000101000001010001011010001111101001111100010001111010111100010111010001111111001011001000000
11110110101010100111001000111010001100111100100110110111111110001101001100111011011110110011010100100100001101011111000001110000
01110011110111111100011011010111110011011110111111100101001101001111011111111110101001010100101111001110001100000110010110100001
01000001000110111000100011010001101010010011101101001100000010011100110101000100011101001010001100100100000011010111010001000011
01100010000111101111000100000011010011101000001110011001001011101101101001000001101110010111100010001110111111000001100001101010
11010101011011110110001000100101111100011100100000011010100101010101010010001010111000001000110001001011110111100110001101011101
11000110010101001101100111010011101100011111101111000001010100100111100000101010100000100011010001111010111110111110100100000010
11010011111110111001011011000010000100111000101100000000100101101100101010100000001011100010101011011111001000001110100101100010
11001010010100001001111110001001010110111110011101000101101100011011010101110101011111110110100010011000010110000000100001001001
00011100011010010111000000001010011111111001011000110101000100011100100100000001100001010011010001010000101001111110101010110010
10100011100000100101000100100101111010100111101001111110001101000011011101011011110011000100111000010101111101110011001011101001
10111011100110111001101000110000001100000010111011111101010100001110011000111001011011011001111011010000100101110110000111111011
10000000010111010111101000111011111010100100101011011000100101001110101000111010101001111010000001100011111011101001101011110010
11000100111101110000000110010010001001000100011001110100010001001000010100111100111101111001101011111001010100111011010111011101
10010011001100101000111101010000000110101010011110111110010101000011000000011110000110101100010111011101011010110001011101001101
10010110010001001111011001000111100001010010110110110000000111111010111111110000111010111000100011110011101101010111010010100011
00111110101001100011110111110110010101110101000011000110100111000000011110110100100001001011000011111000010010001101110110110000
00100000110110110001010000110111011011111001110000100101110111000000111001000100000010000000100001100111010010111100001010101011
11101101011000101111011011011000000001101110100000000110000000101100111111101001101110010111010111011000100010100011111011000011
00010000101011111100110000010101100001001001011101110110110011000100100001101001101010100001000111111100100100000001001001001001
00100001101000101011011000101000001111010111001000010100111110000010101001011011111111101010010010110001111100000111011110010011
11011010101010000011000110101001100011000110000111000100111001001001100011001111000101001111011111100101110101101101110111110110
10100000000100001001010110010101100110111101111001100101100010111010010011011100000000101101101110110101010100111001110001011101
00010000000000101000111111100100110001101110111111100100111010011111000011100111101011000101000100110110000100111110111111000010
11001100010101001001100011011100001110000011110001011111000110001000100001110101011000110111101101101001001110111001001111000111
01010010111011100011011100111100001110111010101010010101001100010000010101100000111101111100001011100101110000110111001111101110
10011100011110111100000101001000110110000011011001110011111111010100111110010011110111111000011100101011100011100111000101110010
01000010111000111100000101111010011000100001010000000010000010100010010010001111111000001000101101110000000001111110001011011010
01011000011010010011111111111011011010010101001111111011001110000001101010100000011100101011100100010011000001110101011010000011
01110110101100001011110100111001010010100100001000111001000001010111100010100111110101111000101011111001010011100010000001000110
11100110101111100000100101001000001100101111111111101001110001011011010000100011101100011100000110111100110111000000100001101010
01111111101110101110001100111001011011110110010110000111010100010001101101101101000100010010101011101101010110101111000110110000
10101000010101101101101111000101110111100001011111001000000001000100111111010011011100010100100110001100001101001011011110100100
01110011100100110011011001011000110111001110110000100101000101100001001000010001010100110010110000010000100110101000101010001100
01111100111010111101110111000100111110000110010011001100110000001111011110110001010110010100010110001100101111000000111001001100
10001011111111100100100011010010100010000111000111000001100000101010010111101010011011001110010111100111101110100101011000110110
10101000000111100110011111110000101011011011110001000011101110001111011010001000111100010000100010100011101010000110111111010111
01101010000010010011010111101011111100001100111111111011010100001001111110100001111110011001101001000111001100010000000100111100
10011100111110011010111110001101001101010001110010111000001001111001011110000000011110101010100011101001111110001000100011010111
00101011000101010011001011111011100100111111000110010000011110101000111010100001000101101111100111100001001011011110100101101111
01011101000111011001000100100101111011011111101001010101110011100001010111010111110010101010110100100011110011000010100101100101
01111110000101001001001000111001101100101111011011000011000001000000110011000001100000110111010110111010000010100101000001111100
00111100111001101101011010001101110110011010000001111111011101010101100100001100001011010000101000010111000101111101011001010011
10010010101000010001100001101001100110100011010000111010101100001111110000110111101010000011100000111000001001111111100101110111
01010010010111010110001000010010101100111111010010000111000110100001001110110111011011001110110001010111010100111111001100111001
10110110000011111000110111101100001110100011001101000101100000001001110101011100001001001111001111100101010011011110110100100001
10010100010000110011110100010101010110010110000011111000110111010000011010100011010101111000101100000011100100111101101110110111
10101111101100100001010010011101000111100100001111110010010001001011111100000111010110100111010100000100111111100101101101111001
00101010101000100100001001010100000111110100001010010001000000010010000110110111110110110010011001100101011011011111110100010110
01111111010100101001101100011110111110010101101001011100011011000010110101010010101110000010000101101101101000010001111000110111
01110000011110100101110111000010110100111010110010011100101101101111110110000111101001010001100111000010111011110001111100100000
11011110010110111100000000101000001101101000011111000001010010110000010000111000011000011000100010011010000000100110011010011110
01100010111011001101100000001100010111001000001101011000111010110010000110011101110110101111000101011101000111010011010101110001
10011100001011010100110110100101000010001101001110000101110100100110000100101011011001001110011101011011100011111100111011011100
10101101011010011110000111100100000011101001010001111000011100000101110111111010100100011000111100010000011110111100001010000010
11011000111111111001101101100111011111111010111011111000110001111001001001000010100010101110010110110110000001010011011010100010
00111010011010111101011111100100110000101010110010011010000101101001011101000000010011100100100001000010101010101010011011011100
00010101011111011000101000110011110100010110000010110110011100001011000100111111001000101010101001101011011111010100001101010101
10101000100111111001011100011010010111011011011000011100111111011110010011111011110011000100111100101101111000011100100100111000
11011000101111000000100111110100001110111110011110001010110111100101001100100111001010001100010110001010000001110011011001000000
00001111101000110100000101000010111011101000001101101001000001010110110101000001000001111100100000001111000011001010101001101100
00000110011100001001100011111111101011001000000010101000101110000011110010001000000011001111011011101000011110100100100101111000
01001101101000101101001110100010010011101110011111000101110100100000011110101011110001000110110111100111100110101000110001010110
11110000111010011000100011100110001100000000000001100110100011010111101100100000011100001010111000101110111100011010011000100011
10110010010110001111001001100000101100011010111101101111001100101000100111010111010001101000011010100111110101110111111100110010
10101011000111011000000010000000100000110100110111110010000110010101110111100000100000100010111110111110100110101001101100111111
01011100001110001000111110001001010001000100001100000001110100011011011001100101001010001011000000111110001011100000011010001110
10101000011011111010100010110111110111001100101110111111100110010000011100111110100010101110001100010101011100001001111100010000
00011100001100110011111000110010000011000010011010100101010111000100100000000000011011011011111110110000011101101111001000001011
01110011100011101010111010010011001001001000101010110111111001111000000100110001010110011110001100011100001000001111101010110000
00111000000100010101100011101110110001000010010110011010101100100100111001101101111000001110101100100111011110111101000110111001
01010111001111100001010110001001010010000110100101000010110011111101011010000100011011101000011100011001001111000001101001111001
11001000000000100100111001000000001101011110100010010011101111110001011001101001111011001000011110010110100000000101101101001011
10011110001101000010101010101001101001110110001010000010000111001101001001100010000111010111010010010111111100100111110100111111
01001110011101111000000110000101100110101001010010010010100000101100001011110011101101110100110111001010011111101001001000010100
10101011011100010001101000000000000001011100101100010011001011010100011010111111100011011010101111001111111000101101111111101000
00110111111001000001011000010100001000100111011110100010000100100100101000011000101011011001000110010001111101110000011000011101
10000000000001111100000101100110100110100010100010100111011001101011011000101000010100011000101010010110110110011000010111001110
11000000101110010100001011101110010011000111001001001001001000011101000010101101001001111010100001111011100111001111010101101111
11100111111001101010011001100010110001010101011101101010000001000111000111100111100011100001010001011111011101000101100100000100
10001000010100011110010000010110111000110100000111001100000111011010000111000010100110010100000000001111001000100001010101110100
11010101010000110110101001111111111001101001110101010111001101100000011100110101111101000110100111111001001011011101101010111001
01001000000100000011011111101000010101100010111101101000110101000001000011010101001111001010101101110101001100010001001111010000
00010111110000010001001011110011010111010101100100110001101110111000000010110000010100110010101000010011101010101000000000001101
10101110111110010101100101101011010100110110010111001101000011001110010010001111000001011101011111111001100110110010010111100010
01110000001010110101110000111001111110110110111100011100100110101110010101111110001101001110101001110100001011000001101011000001
00100010000011100100100101101101010010001100010110100110010011111000001011100011110001110011011101010100110011111101100110111010
11110001111101110010101011001001110110000011101011010101101000110110100100110010011010000111000111100000111110000110110011110011
11101100011110101111110111001001111111001000001100110110011001101110000110110110010011110110100111101011010101111110100110101011
10011000101100010100010100111100111100101100011000011000111101100010010110011101000100110011010000000100000101100001100111000100
11010101111001100001111100111100101011001000001101100100100100100010110010001011011110000010100100011000111100101110000111101011
01100101001110111111010010001111011010100010011010101000101100011110010000101111111101001111000011011100100111010100011101101110
01000111101110001010111010001110110001010110111000100111001000100110110001111111111111010011001000001011010100100011011001010101
00001000001110111011001111000101011110101011110000011111100010100001111011011110111110010101110111001101100001011001001010000010
11101001000101110101110101000101111010110000101011101011111001011110001001011110000100111000111110001011011101100011001110001100
01110111101011100110010001000101011101000001100011000011100111111000000111011111110101001111011011110001110111110111000001100011
11101010011001011011100010011111001100001110101010100110001101101100101101100100111011000010000011010001111001101110010111011110
01110111011011101011111010010101111100101101001011100100000101000100101110111011001000101000111010110000011011111100010100001101
01110101011000111101101001010110110101111001101110110100110101101101011100000001001001110000100001110111011010100000000000110101
01110111101111100101111100001100111011000101001000000111110011011001110110010110111111100110110111001011001011111011010110000010
00101010101011101110011110111110101101011101001111101000111010011100011111011101000000010001110000011100110100111000100010010000
11100100000111101101000000110110000010010100110010000110101100100110111010110100111011011010100111001111111001110011101100100110
00101001110111000010101011000011001001011000100100101001011000001101101100001000110101110100000000011000100001100100111011100001
01000101001011101011110100110110011000010101110001001101111100101010010000100110000001100001111100000011011111101101100100111100
00101010110111111111111000000001101101111010101100000010100110000101000111101110100001000110100111100011011011101000010001011000
00110110010111101100001110000110011101100101011001010100100000011001010100101010010000001010100011000100001010111101111111101000
00110101001100000011110001011000001110010000110001111001110010010110110100000110101101110101111011100111111101011001100101101110
10111100000010111100110110100011111001101010110110001011111011100100111101100111101000010001110010011001011101011011100001101010
11111101011101000111111101010001101110100000110000100110011101000110101000011011100000100110000000011011000000101011111010110101
01101010011001100010101110001111010001111011000110100000110000001100011101001000011011000000111111101111011110101111001101111110
10100001100111000011111000000111000011000011011010101110100100111111000110010011110110100011010111100011000101010110100000011101
01101110101100011101001101101110001101001101110101011011100001111101000010111000110011000101101011010111000110110000001110110010
00000010001010010101010110000011001110110000111110011011110000110000011111100111100100001011000100000011111111111100110011110101
01011111111101101000011111100010000100111010111110000001111001111111010000100110000101010010010100110100001010111100100111100010
01000010010101111110011110100100000101000100101011010100010101101001010000111000101011100010011011001001011101110001011001001111
01100100101011110001001000111010100110100100110111010001100000110001110011001110110101010001110000011001111100110000010011111110
00011000101011110001111111001001100101100011100001101001110111110011011100110101010111100010011010000100111111000011011111100000
01110000011100011100000100011111110100111100111101110010010110110000001011111101100011111111000100000000110001001011001000001001
10010100101101010000001101010000000111011010011000101010001101001001010001111001010111101001010100101010100010010001011000110100
00110011011100101101011110001100110000101000110001001111000100110111001001011001001100001001111001001101100001101010111000001100
10111110010110101000010011100011000001110110000110100000001110110101110000101010010111100001011100001000111100111100110001110111
10111010011110001110111110010101111011001110000100110110100010010001000000001110101101001111010001111110101001111111011011011110
10001001100110000011001110101001110010010011100000111110011111000000000011011010010010110101001011101010000010011010110001101111
11111001100100001111011010001001101101011011101010011010100111000100100011010011100101101100011001110000111010001011100101111001
01001110110011110011001000101110001011010000011000111100001101010011011110001110011111100111000111010100100101000110110001110010
11000000100010010101010010010101100001000000110110000110101100111010001100111110110011000110000101001000100110001011001000011010
10100001101110111111011011101001111111101000111000011011010101111001111000001111110101011110101111100100011011101111101010111001
11000010000111001011001100000110100110101110010001010001010011011000100110000001011000011001010100110111100111110110001000000110
00010000100110000101011001011111001111011111110110101010001001110010011101110110010100110100100110010011001001101111010011001111
10110100001101110001001110000110111011011001100000001001001010011111111111001000101011011111100111110010001001111010111011011110
00101010001010011010111011100110110111111011111001011010000001011001011100001111010001110010110100100110111110011010011000001111
10111110100111011010111110000110101101100110111110010011010101001111111101001111011001011011101110101011111110111010010000100110
10110001101011101011001100101011111100010110000001000100110110100011100010101000110110011111110100111110011111010101111011001111
00001110110001010110110010100010011110011011111110001000010100111000111010011100001110111010111011111101111100100011000001100001
00100001011010111010010000110011001101110111100111110000100100000110001010010011110110001000101010000111111000100001111001111100
10110011011111101110000011011000000011110011010100000011100101001011010101011001101011111111101010111011110100101111010000110101
10000001100100001010001111100000010000101100001101000011010101001111111101101101100000111010011011100010011111001000011111011011
10001011011010010001010010011001110111010101011010001101111011100010011010001101000001110011010001101111010101001100011101000110
11101000100101011110000110001000100101100101111110010001010111001110000010110101011101011010010000001011010001100001110111001111
01010001111010000101001000100111110110001110001110101110000111111101101110001010011101111111111111000000001001111011100111111110
10000111110001101100010001011111100100011100001111110000100010111001101110001010010011000001001011010110101111111001101100010111
11011100000110110111101000010010000000110000000101000100101010110110001001100010001010110110111010000110001100010000001100000110
00010111000111100101000011111001000111000111000101010010111111010100101101100001001101111010001001011010000100111000110001101001
10010001000100000100111111011110000111110001101011111011000101100000100101011010010001011101101010001110010101100010110101111000
01100110011111001100000011110011010011001111011100101001101110010101000100110001110010001010011110111000110100011010001000111010
01101010110001011000110111101100000001110011000010101110000101011011100010111100100111001111011101001100001101001111011001000101
00101011111111110101101101000001111100101001110011100101100101111011101010111111110000101111011010000111001000101011110100011100
01010011001011001111110100100100100110100110111010010011110101001101111000111111001111111110011000010101001011011011010101000111
11100110100101110100110101111100100101000010110001110110010001000110101110000110011000000101100011100001110110101010010111110001
10001001100100000101100010101011101110111100110111001110100110010100101101010010010100100100000010001011111011111101110100011010
01110001010001110110110011100000011010000111111110001011111010001101010100100101111011101110000101001000001101111000010111001001
11111010011110100011011110011110111111111110010001111111110100101110110010001010000101100101111000111011110111010011000101000010
11010110000101110110110010001011010010111001011110110110110111011001100110111000000101101011011101111000111100001000011010100110
00001000001110010001000001011111011001000110110001110101000001010111100010111011100111101000100101101101001111101101110100000011
01001101100101010001100100010011000101110101111011000011111100010000001000100101000001001010000110010010110001000001001100110000
01000101100000000101010001101001001100001011011011110010001100000100100110101000100011011001100001110010111010010011110101111010
01001000111110011001110101010100101101011110000001011100101110000011001000100010011011100001000000001111001101101101000001101010
11101001011101011111000111000000110111100100100010101101011111001100110011111010010010000010010110001110000011010000001101010110
11111001000010110100101110010011111001111001000000011011010101110001100100101100101000110011010000010100110010100011101101000110
00101101110001110000111111011101110101001010011011110000111000110101110101011111111111110010110011000000001010100010010001001110
00000111011011011100111111000011000101111110110100100000111110001000110100110011010011001101011011010011000000101001001101101101
01000100001100100001001101000110011000011011100100001101010011100001010011010000100001001111011111101110001000000000010000000010
00010100000011100000000000010101111101001010111010101101000100110101000110011010010100111100111111000100111011110101010110010110
11110111101111011001101100001010000011111101110001101100011010011000011101101100001100001011100001001001001100010100111110010101
10101101100011111010001101000111011101001011100010100010111011001011000111101100001000000001010111000101110110111101001100010010
10010010011001001010010110110110100101001010000011011000111011001011111001011100010001100001011101100111000010100100111101101011
11011010111000001110000010111100000010001001101010111111000101001001001110111011111111001010010110011000100100111001100111011000
00011101100110000001110000011110110100010011110010101100011001100100000000111111110000001000001001101001101001110001110001111010
00011011100010010100111011010001101110111110110100010000100010000001111111010110110101010001110000100100011000001110100001011110
00110011011010011110111111101111010000011010010000000011010001000101011111111101101100110011111100110011011001110000001110111100
11100100110111101100001011010111111000111010000100011100011001110101011100001010100010001010011001011010010001101110001100000010
11011111011011100100100010001000001101010101011100010011001001010001001110000010100000111111111011011010001111110100111001101111
10100101100100110101101011101001011100001110011010101111101001111111000001110000000100000010010111010001001011010101110100111010
01010100111001011011111101001110000010010101001111010011011000010111111111111011000111011000011000001001100000110111010101111100
10101000001011001010010101111011010110011110101101110011110011110001000010110111001100010100101001110000010010101100011110111010
01001101100100100011000100110101001110011010000010010101101100110110000010001010111010011100010110001101101100001110101010011111
11101001111100010000101011010101110100100101100101010001001011001100000001111011100100111111110111000111101111010010111010110001
00001101111111101100010110100110011011110010100000100110101101011001101010100101011001110001010011011001100001001110110111100110
10111011111010010100111000010110011001000110011111001011111010011011011011000011001011111111011011010100001010101101010110100111
10110011100110101100000110110010101100100010100001001111011110010011111101111110111100011111000001101101011000110111011100101000
00001100000100111001110101100100100101011000010001101010011000100011100110000011111111111010100001001101010100101001111010110110
00001011010000000101100001011111010011100100100010101010101000100010011010000110000111111101011000000000010100000111010101101001
11011111100011001101101001100011100110011010111001100101000011001110000010001110001110010000000011001111100111110010111111011001
01101001100000010110100110001010011101010011111010100011000101000101100000001010110101110000110101111001010010101101011010100011
11101000011101010101010100000001010011011000111101011000111001100000000100001111101010001010001111010111100011101001100101001010
10110001010101001100101011101110101011000011001111110000110100100100101001110100100100111111010011111001111001110001111000100111
01110101101011010001010111100001100010011110110100111000011001101000111101010110010011001101101010010000001111011111101011010111
10100100011111001111101000100011000111100110111010100101111100111110000011100100001000100000000111000001011100110101010110011000
01011011111100111011010101100100111010011010101101101101101110111111010001010100111001011001001100011111110010100110010011101110
11011001000000001000000011111010011010010101100001010001100101101100110100100110100001000111100111111010000110000011000010011000
00110100011110010111001001011001100111001010110010101110011100000111110011101111011010011011101010011101010111010010010000110110
10110000000101000110000110111000111100001111001000011100011010010101111001110100111010000011111000011010101100001111110100000111
00101000111001101010011100010011010001110111011001010101101011010101011000010110010001111001000010101010101010101111011011111101
10100011111110011111111011000101000011000101100101101010000101000000100100111110100000011001111110001101100111010110100100010000
10101111001101010010100001010101011000101101001000110000111011011000111000110000011100111000010001101100101001001010100110101110
11001011011100011110111001000011010001011011101010110010100110111010001011010011100010000111110110010110111111000111010101010110
01110110100000001111001110000001101011111000010110011010110101110000000001011111011100101000100010000011010111101111110101101101
11101110110000000001001000010001100010111111000000000011011100011111010010110111011100111111111110111010010111110010000010100001
00001111001010000111110111111110101010000001000101001101001111011001110001100001010110100101000010101110000000110000011101101101
11110001011101011110110101000101100101111001110001111011011000111010111010010101100110101010110101001111100010101010001100010100
11000101010100011101010101110000001000000010101010100010110111100101101000100001000011000011011010010101100111001101100101010010
10111010000011111110110111111101000101110111111000011000100011110011101010000010100001001100110111001000000110100011001110110101
00001011000000110101100001110011010001010100000111110100111101111000000111010111010001111001001101100010111101101010101101000111
00110000101100100111111101011010111001001110001100001110111100010000000010100111110110100010010110111000010111010001111110000010
01011011110010011000001010100111110001100101111001000101010001110011000110011000111010111100101001110001111011001100000101110011
10011011111100111010010010101000001010010100011110011111110010101011010111111101000111101000000011010010100010111111111011001101
11010111011011110000111011100011100010001010010101101001000001011000111001100101111001101101101110111100111011010111101011101011
10100000110111101100100111001010000000101101101000110000110000100000010010111001111111000000000100011010111000100100100110100011
10010100001111010111010000110110010101100110010110011001100101111111111000010011001111010011011000001111001111011110011111000111
00001110000110011111111010110001010010000001010111111110110010010110000001011011101001011000011010111010010010000011010000111011
11010010100010010110100000101101011101010110111011110111100000011101000000011101100010000001111011110110000101001010100000001111
10101110000100010011101111001001101000101011100011111101010000110111110000100010011100111000110111000111111011110101101101001011
11011101011000010010101000011100001001011101001001000100011100011010000100010100100000100101111001110001100111100110011011100101
01100101001100001001110000101110110100100001110110001101100100101101000001000100000010110100001011011110010110001001001000110110
01100101001110001011000110110000110011010000110111010011111010100010001001100101100111001110101111110111010001001101110110010100
01011001001100000100110000011111011010011111011001000010100011010011000011011000111011011011110100011001100011100101000001000000
10000001001111011101100100011000010110110100010101101110111011110111111101000100011101010000101101111101001010010000011110110101
00010010001101000100100011101011001011000101111110010001110000101000100000101001101111101011110111001111110110010101110000100111
11000111100000101011110010101100000011110101101101001000010000110001011101011010111110111001101000001101010001111111010011100011
11001010011011110011011111101101000111110101111100111101001001111000101110110001110001100100101011010000001001101010110101000010
00010101001010001000101010110110110110110011001100110111100101111111101110001011000100001100110101101111100001100001111100100010
11000011011010011101000001001101011000000011011111011111011100100000100111110001110000111000001011100100010010110011011100011110
10111011011111101101110011001111110101000110000011011110100101010000101001111001110000100100000011101101001001100111011011100100
01011011100000110110101110011101100010110100111010011101010011010100000111001110110000010000110100001000110011111010001110110001
00111001111011101010000111100110001100110000110010001010111110101001011010011100110001101111110000101001010010110010110110100110
10011011011000010001110111000111101001000101001101101010000000001100110100010100110100010100010011110101010011101100011110110011
01111111010000110100111011100000111001100101101100100110000011001100110011100011100101000000111110111000100000100101100000100101
01100110101101101110110010110001110001101001001001110010000100101100111010011100000110000101001111100100111010111001001110001100
10001101101011111111110111000101000100101001101001000001000111111100111000001100001010000011100011100100011110010010011001000011
01110101000111110101100101111001000001000111011111101100101001101111101010110000001101110111010001011000010111101001101011001001
11100000010011011101010110101111111110110111111010000100011111010001100010001110010100100101000111100010101001001010011101111111
00101010010101010011010110001101100001101011000011110001100101111100000110111101100011100110111101101000001001110110000001001100
00001000110000100111010110010000110100111001000101001101010101000111010011101010010010011101000100111110110111101111111001101100
00000001011000010001011110000000110001001011001110110111101111100111100001011000100100111101110101000110111100000110110111101010
11111100010111001100101001111000000010010111101001001100010100110011101000011110101111011100001111010100111111001110001110000010
01101111101101010000110011000100000001010111001110001100001011111110100100000010011000001010100101100000011000111011100000111111
11101001000000100001110001100110000011000010011010101110111001101011000010001001000000111011011111000001001011010101001110100110
00111111111010101001100110100111011101110100011000010111011010101111010010000110111000101111001111100111000111000000111001000011
11000001110001110100010001111010110001010011100111011110111010011110010010111001110111101011100110010011011001010101011100010001
01101011000001111110100110010111000010000110100100010011010001101100011001011100100110001111001110010111111001011110111011010000
10100101110001101100001111011011011111000110100011000000010111011000100110000101111010101010110100110010110011001100001111000010
00110010100100100011000001000101111011000111111001000101110011101101101001001011100001011101001101010111000001011000100110110110
11110110000001001110000101111111111000100101011101011001011000100000011101001001101000111001100010010100011111011010001000101001
00101010011010011101100010110111010010011010000001111000110100011000001011010111000101010111100111111010101000111011100001110101
10010100101111001111101111011011111110101100111011100100010000100010111010000001111111000110110101010011100001100110110011000111
11111110100111000111100101001010101101111011011001001010101111001011011001000110101111000110111011010011010011001011000010101000
00101101100100011111111110000000000011011100011010100111011000000010000100010101111010110000010101011011110001101000000001011000
10100011010010110010010011011100101011001101101010101101011001101010101110110101001111110110000101100001011111110110010110000000
11011010000101100011000111111111110001000000110000111001011010100000011000101101100110000011001000110010110110110111010011010100
00000001110001000011010100111101111110110011011000110010010010111001101110100010110111100111111101011010001000000100011111001010
11011100100011110011010011110110110000011110101111000100000000011110110001010101010011011010010111110100111100111101100111100010
10100110010011010111000100011110011100011100100011100111100110010010111111111011111111101110010001110000011010011000111101010100
00010111000111110001111100100111010110100100110110001101000001011000101101110010000111000011101110010001001110010100100011101000
10010101010101010101010101101101110100100100111000010001011110011011100001011101010010010010110011001101111101100111111101110110
10010000011110010101111100011110100001111010100010111000100111101111001000001011100001101011001110000111101011110011101011101000
11001011111011101100100101110001001101010101010110101101110010101101101000011111111011011110000011100101011111011011110001110010
10011010101111011000010110011100001100111001110110100100111010110011001110001111000100110011101100100010101011011110000001010100
11011110110101000010001100010001100010011010111101100111010101001010011011011111111010000000111001100110011010000001111111010010
10000011111100110001111001100001011101110010010010101011110001001101111000010000001000001001110110011000011110111111100010111001
01100010110110000011101110010000101010011110101110100001011000000100001001001010011100100101000110101111101101000101111101010110
01001111110101100001111000000101001011111100101100111100111110100011100011010111110101010011010001010001011100011011100110110010
10101001111101001011111011010100110000011001011001100111010100111000010001101100011111001110011110010000101000100110000000110011
01011111010100111001001101101100000010011000101111111100110010110010011100100011111010101111011110001000011111001010010000010000
00010110100101011010111100001100010001110110110101100101000110011101010101000000001111011110000110011001111001010101010000011101
11010011011011111101011000000110101011100100010011110011100010001101101011110000001011011000001010100111111111010001111011011001
00101000101010011100000010111011110101011001001111001010110001000000000100101100111100111000101100000101100100001101001110001011
01111110100000011100010100100000110110110110001010011000011011001110011101010110001110110001011110110010110110100100010111110101
00110011101001000001100000100100111101000110010110111010001010001001001110000110110110010111101011100110111000111000010111010100
00000110000001010011010101101011011110011000101010101010000010010011010101000001110011101011111111101011000110110010011000001100
00101100100100110111000111011101101100001001101100011100011110001110001011011011010001011101111101001101111011101000101111100000
11010100100100110010011010101110011001000111111111001000001011110000110001010100101110111001111010010111011001000011110101000000
11011111111111111100010111111100111100010100100111100010000010110011000010101101001111111101110100111101001110101110010101010001
00110011110001100011101010100111101000001000111000111000001111000100101011110000011011100110110010100011000100011111110100111101
00100000000000101011001010100100010010001011101001101100010000110100010001100100111011111000101100111000111001100011110001111100
11000101110111010011101001001010000010101001010011100100000110111010100100000010100001011000111101001111010010011001110100101010
10000000100110100110000001011101100011000010011101001000000100110011111010010100000000001100001010001111011001111000000000101111
00101000010011011100110110110000010101000110000001101001000011110100010101111010111010110110000100110100011111100001100100101100
10011000010110110000011011000100110110001101100000110100110111101000011110000111101100111000101101000101001001111100100111110010
01100000010001101010111110000000110001100000110101000000001001001111010010111101101000100111010011010111100101101001010000110000
01110001100001101101001100001010001100000001110110010101110101000000011010110010011010111111110011110101111000111001001111100110
11000000111110111010001111000010101010000100100001101111110001010010010100010100001101000100101001011111100101111000101010000101
01110000010101001010101000011010000111101011110111000000010111010010011000001101110101110001110100000111011110100101100000010110
11010000010101110111011111100101001011110101111100110011011110101101110100011111011010001100111010001111100110010001000110011010
10000100000101011100111010010010000011000011110001111101001110010100110111001000000000011010100010101110011001001001010111101101
10100101000110011010111110001110001001100001101110010101101000111101101000111011011101110010010100010010001011101110001000100100
10101111001110101011010010000011110100011010111010011111110101111110100101110011100001011010011000111110110100010001100011011011
00000011001000100101100001000011101111011011110000011000100011111111010110000000000100100011000101010100101010011110110111111111
11001111000011011011100010000111010000010010010011001101111010001011101110100010110101000110010001110001101110100010100000000100
11101000000110011001001100110110101100111101000100100000000100001111100001001001101100101000000000001010011000011001101000100111
10001011011110001110000010101011000111100011010110101100111001110001001011100100001011111010111011001111100000100010100111000010
11010001010001101011101111000101100000111111011001111101111111010100100111110111000000001100101001011001000100101000010110011001
10111111001111001010001101010001110001111011011010000000110011111110000100111101001101110110111110111111011010010110010101000111
00101000000101110110111101110011000100010010001001101001111010000100000111110101110111100010110100000010111000110101110001110001
00101101101011011000010001010100101100010111000110101101010101000110110000101111111001010110110111001011101000100001011011100010
10010000000010100011001010110100001111011011110011100001100111111110010110110010111000100110010001001111011000001001100100110100
01001101001010110100100001000100001111101111000011001110101010111100010001001100000001010100111100101010000100100110100110111011
10110000111000100000010001010001110101100111000111110000000101100111001001101101100101011100001011011001010011010100100110101001
11001001011010111011000001110110011100101011101110001010100111111011101011101101001011001101011101100000010000001110011111101000
10111011011101010010000110101110000100011000101010000001011100101001000010101101100110001110000100011011111101111011111011011010
00011000100010001000000111011101000000110010000001110110111001010010101011001011111110001100011001001111110110000011100010111101
11110110110110001001100111110000011111110110100011101111000111100100000010010100010011101101000111101001010111111000000000010100
11010100101100011001110000001101010001100010110101011001110100011001100001111010110001110111011110010110001011110111111010000111
00111011011010001011110011011001011001010001110111010010110011010100111101011000100101101100010111011000111001110001111000000001
11111110001011101011111011001100010010101001111110110101110001000010101011001001110101011001010011110001011100001011111111000111
00010011101001010001111101010000111111110100010101011010101110101100000001110010111001101011011010000010000101100100011000110100
10010100010110101011001100010110110001001011111010001010011000010110001000110010011111010011110011101111011101011001100111100000
10111000011100110001001001001111010001011010110001010110010001100100111001011011011011000111011011101110001010001100001100111010
01101110111110010010110000001010001001010101010110111010000010110011111111101001011010001011010100000101101001110000010100011110
00000001100011011000000101100001101001001110100001101101101111011100011000010001001100110111000110010110011001000000011011101101
11010111010101011101110101101000100111110101111110111110100001110000111110111101101101111110111110000011001001010101100101101011
11001000100110010010001001100111100101011111101111000011001010111111101011100011111100000111101010101001111001111010011101111101
10010010100001011100101100000101110011010110100100100000000010101110111011001000011010111111100111101101110011101100100101100010
10000101110010010000001111101010101111111001001100100111110111100110010110101100111101100010001010001011100000110100100101000111
01110100010101010100111000000010001000001101001101001111101010101101100000111011011010100101010000010100011101000110000011100110
